1|1||3-5-0-0-1-1||115500|
2|2||3-5-0-0-1-1||132700|
3|3||3-5-0-0-1-1||135040|
4|4||3-5-0-0-1-1||152220|
5|5||3-5-0-0-1-1||46755300|
6|6||3-5-0-0-1-1||1102600|
7|7||3-5-0-0-1-1||125000|
8|8||3-5-0-0-1-1||133860|
9|9||3-5-0-0-1-1||22320|
10|10||3-5-0-0-1-1||86440|
11|11||3-5-0-0-1-1||11340|
12|12||3-5-0-0-1-1||130720|
13|13||3-5-0-0-1-1||76500|
14|14||3-5-0-0-1-1||12420|
15|15||3-5-0-0-1-1||50000|
16|16||3-5-0-0-1-1||140000|
17|17||3-5-0-0-1-1||19000|
18|18||3-5-0-0-1-1||12300|
19|19||3-5-0-0-1-1||103340|
20|20||3-5-0-0-1-1||15300|
21|21||3-5-0-0-1-1||150400|
22|22||3-5-0-0-1-1||40840|
23|23||3-5-0-0-1-1||110880|
24|24||3-5-0-0-1-1||13500|
25|25||3-5-0-0-1-1||12320|
26|26||3-5-0-0-1-1||25020|
27|27||3-5-0-0-1-1||251240|
28|28||3-5-0-0-1-1||24640|
29|29||3-5-0-0-1-1||12420|
30|30||3-5-0-0-1-1||173500|
31|31||3-5-0-0-1-1||219400|
32|32||3-5-0-0-1-1||111280|
33|33||3-5-0-0-1-1||11340|
34|34||3-5-0-0-1-1||25140|
35|35||3-5-0-0-1-1||3080|
36|36||3-5-0-0-1-1||12320|
37|37||3-5-0-0-1-1||24640|
38|38||3-5-0-0-1-1||36960|
39|39||3-5-0-0-1-1||14200|
40|40||3-5-0-0-1-1||14600|
41|41||3-5-0-0-1-1||13900|
42|42||3-5-0-0-1-1||1680|
43|43||3-5-0-0-1-1||12320|
44|44||3-5-0-0-1-1||47266|
45|45||3-5-0-0-1-1||49680|
46|46||3-5-0-0-1-1||14100|
47|47||3-5-0-0-1-1||157420|
48|48||3-5-0-0-1-1||140000|
49|49||3-5-0-0-1-1||692500|
50|50||3-5-0-0-1-1||74520|
51|51||3-5-0-0-1-1||57300|
52|52||3-5-0-0-1-1||12420|
53|53||3-5-0-0-1-1||24640|
54|54||3-5-0-0-1-1||30420|
55|55||3-5-0-0-1-1||12320|
56|56||3-5-0-0-1-1||12320|
57|57||3-5-0-0-1-1||12320|
58|58||3-5-0-0-1-1||24740|
59|59||3-5-0-0-1-1||24640|
60|60||3-5-0-0-1-1||11800|
61|61||3-5-0-0-1-1||12500|
62|62||3-5-0-0-1-1||39187|
63|63||3-5-0-0-1-1||98560|
64|64||3-5-0-0-1-1||12320|
65|65||3-5-0-0-1-1||5807100|
66|66||3-5-0-0-1-1||2067200|
67|67||3-5-0-0-1-1||916000|
68|68||3-5-0-0-1-1||274600|
69|69||3-5-0-0-1-1||292900|
70|70||3-5-0-0-1-1||1204900|
71|71||3-5-0-0-1-1||12420|
72|72||3-5-0-0-1-1||140600|
73|73||3-5-0-0-1-1||115500|
74|74||3-5-0-0-1-1||3268280|
75|75||3-5-0-0-1-1||943320|
76|76||3-5-0-0-1-1||12320|
77|77||3-5-0-0-1-1||134564|
78|78||3-5-0-0-1-1||24640|
79|79||3-5-0-0-1-1||262020|
80|80||3-5-0-0-1-1||12320|
81|81||3-5-0-0-1-1||17000|
82|82||3-5-0-0-1-1||98860|
83|83||3-5-0-0-1-1||12320|
84|84||3-5-0-0-1-1||12320|
85|85||3-5-0-0-1-1||16000|
86|86||3-5-0-0-1-1||11200|
87|87||3-5-0-0-1-1||24160|
88|88||3-5-0-0-1-1||12140|
89|89||3-5-0-0-1-1||12340|
90|90||3-5-0-0-1-1||42020|
91|91||3-5-0-0-1-1||299700|
92|92||3-5-0-0-1-1||334800|
93|93||3-5-0-0-1-1||364680|
94|94||3-5-0-0-1-1||12320|
95|95||3-5-0-0-1-1||12420|
96|96||3-5-0-0-1-1||16300|
97|97||3-5-0-0-1-1||502360|
98|98||3-5-0-0-1-1||36960|
99|99||3-5-0-0-1-1||12420|
100|100||3-5-0-0-1-1||68380|
101|101||3-5-0-0-1-1||24640|
102|102||3-5-0-0-1-1||12420|
103|103||3-5-0-0-1-1||24840|
104|104||3-5-0-0-1-1||91720|
105|105||3-5-0-0-1-1||12320|
106|106||3-5-0-0-1-1||49480|
107|107||3-5-0-0-1-1||12320|
108|108||3-5-0-0-1-1||25600|
109|109||3-5-0-0-1-1||11640|
110|110||3-5-0-0-1-1||284200|
111|111||3-5-0-0-1-1||12320|
112|112||3-5-0-0-1-1||12320|
113|113||3-5-0-0-1-1||118200|
114|114||3-5-0-0-1-1||19000|
115|115||3-5-0-0-1-1||24840|
116|116||3-5-0-0-1-1||6150|
117|117||3-5-0-0-1-1||589400|
118|118||3-5-0-0-1-1||291700|
119|119||3-5-0-0-1-1||14540|
120|120||3-5-0-0-1-1||14140|
121|121||3-5-0-0-1-1||81780|
122|122||3-5-0-0-1-1||34300|
123|123||3-5-0-0-1-1||12500|
124|124||3-5-0-0-1-1||12320|
125|125||3-5-0-0-1-1||12420|
126|126||3-5-0-0-1-1||164000|
127|127||3-5-0-0-1-1||2112400|
128|128||3-5-0-0-1-1||3080|
129|129||3-5-0-0-1-1||28620|
130|130||3-5-0-0-1-1||19340|
131|131||3-5-0-0-1-1||12260|
132|132||3-5-0-0-1-1||101400|
133|133||3-5-0-0-1-1||24640|
134|134||3-5-0-0-1-1||12320|
135|135||3-5-0-0-1-1||107700|
136|136||3-5-0-0-1-1||187280|
137|137||3-5-0-0-1-1||61600|
138|138||3-5-0-0-1-1||44220|
139|139||3-5-0-0-1-1||111300|
140|140||3-5-0-0-1-1||84656|
141|141||3-5-0-0-1-1||15700|
142|142||3-5-0-0-1-1||15400|
143|143||3-5-0-0-1-1||16300|
144|144||3-5-0-0-1-1||16000|
145|145||3-5-0-0-1-1||11404000|
146|146||3-5-0-0-1-1||11400|
147|147||3-5-0-0-1-1||18500|
148|148||3-5-0-0-1-1||6160|
149|149||3-5-0-0-1-1||24640|
150|150||3-5-0-0-1-1||12420|
151|151||3-5-0-0-1-1||61600|
152|152||3-5-0-0-1-1||784800|
153|153||3-5-0-0-1-1||24640|
154|154||3-5-0-0-1-1||12300|
155|155||3-5-0-0-1-1||12320|
156|156||3-5-0-0-1-1||12320|
157|157||3-5-0-0-1-1||332500|
158|158||3-5-0-0-1-1||9000|
159|159||3-5-0-0-1-1||12320|
160|160||3-5-0-0-1-1||2552920|
161|161||3-5-0-0-1-1||4186600|
162|162||3-5-0-0-1-1||18900|
163|163||3-5-0-0-1-1||12320|
164|164||3-5-0-0-1-1||12320|
165|165||3-5-0-0-1-1||12320|
166|166||3-5-0-0-1-1||96900|
167|167||3-5-0-0-1-1||36900|
168|168||3-5-0-0-1-1||106740|
169|169||3-5-0-0-1-1||24840|
170|170||3-5-0-0-1-1||12320|
171|171||3-5-0-0-1-1||12320|
172|172||3-5-0-0-1-1||12320|
173|173||3-5-0-0-1-1||12320|
174|174||3-5-0-0-1-1||2632100|
175|175||3-5-0-0-1-1||12320|
176|176||3-5-0-0-1-1||23300|
177|177||3-5-0-0-1-1||12320|
178|178||3-5-0-0-1-1||15000|
179|179||3-5-0-0-1-1||12420|
180|180||3-5-0-0-1-1||31920|
181|181||3-5-0-0-1-1||16100|
182|182||3-5-0-0-1-1||12320|
183|183||3-5-0-0-1-1||37960|
184|184||3-5-0-0-1-1||12420|
185|185||3-5-0-0-1-1||1531500|
186|186||3-5-0-0-1-1||47920|
187|187||3-5-0-0-1-1||30820|
188|188||3-5-0-0-1-1||14900|
189|189||3-5-0-0-1-1||70000|
190|190||3-5-0-0-1-1||698420|
191|191||3-5-0-0-1-1||34000|
192|192||3-5-0-0-1-1||4451900|
193|193||3-5-0-0-1-1||5614500|
194|194||3-5-0-0-1-1||4447460|
195|195||3-5-0-0-1-1||72100|
196|196||3-5-0-0-1-1||31935|
197|197||3-5-0-0-1-1||71790|
198|198||3-5-0-0-1-1||196400|
199|199||3-5-0-0-1-1||263300|
200|200||3-5-0-0-1-1||112100|
