1|1||3-5-0-0-1-1||73800|
2|2||3-5-0-0-1-1||24640|
3|3||3-5-0-0-1-1||24640|
4|4||3-5-0-0-1-1||12320|
5|5||3-5-0-0-1-1||13800|
6|6||3-5-0-0-1-1||63720|
7|7||3-5-0-0-1-1||254100|
8|8||3-5-0-0-1-1||12320|
9|9||3-5-0-0-1-1||115800|
10|10||3-5-0-0-1-1||12320|
11|11||3-5-0-0-1-1||26400|
12|12||3-5-0-0-1-1||24640|
13|13||3-5-0-0-1-1||173700|
14|14||3-5-0-0-1-1||24640|
15|15||3-5-0-0-1-1||12420|
16|16||3-5-0-0-1-1||12320|
17|17||3-5-0-0-1-1||25240|
18|18||3-5-0-0-1-1||12320|
19|19||3-5-0-0-1-1||26400|
20|20||3-5-0-0-1-1||37060|
21|21||3-5-0-0-1-1||19700|
22|22||3-5-0-0-1-1||98560|
23|23||3-5-0-0-1-1||12320|
24|24||3-5-0-0-1-1||14420|
25|25||3-5-0-0-1-1||400|
26|26||3-5-0-0-1-1||12320|
27|27||3-5-0-0-1-1||1439700|
28|28||3-5-0-0-1-1||24640|
29|29||3-5-0-0-1-1||70632|
30|30||3-5-0-0-1-1||24640|
31|31||3-5-0-0-1-1||36960|
32|32||3-5-0-0-1-1||35220|
33|33||3-5-0-0-1-1||49380|
34|34||3-5-0-0-1-1||12320|
35|35||3-5-0-0-1-1||86240|
36|36||3-5-0-0-1-1||265340|
37|37||3-5-0-0-1-1||21008|
38|38||3-5-0-0-1-1||24740|
39|39||3-5-0-0-1-1||12320|
40|40||3-5-0-0-1-1||702000|
41|41||3-5-0-0-1-1||18600|
42|42||3-5-0-0-1-1||12320|
43|43||3-5-0-0-1-1||900|
44|44||3-5-0-0-1-1||13160|
45|45||3-5-0-0-1-1||3100|
46|46||3-5-0-0-1-1||12320|
47|47||3-5-0-0-1-1||86440|
48|48||3-5-0-0-1-1||231100|
49|49||3-5-0-0-1-1||12420|
50|50||3-5-0-0-1-1||12320|
51|51||3-5-0-0-1-1||12620|
52|52||3-5-0-0-1-1||13400|
53|53||3-5-0-0-1-1||12320|
54|54||3-5-0-0-1-1||14000|
55|55||3-5-0-0-1-1||12820|
56|56||3-5-0-0-1-1||13120|
57|57||3-5-0-0-1-1||13700|
58|58||3-5-0-0-1-1||12320|
59|59||3-5-0-0-1-1||36960|
60|60||3-5-0-0-1-1||61700|
61|61||3-5-0-0-1-1||12320|
62|62||3-5-0-0-1-1||36960|
63|63||3-5-0-0-1-1||12320|
64|64||3-5-0-0-1-1||24640|
65|65||3-5-0-0-1-1||12320|
66|66||3-5-0-0-1-1||12420|
67|67||3-5-0-0-1-1||12320|
68|68||3-5-0-0-1-1||43700|
69|69||3-5-0-0-1-1||99060|
70|70||3-5-0-0-1-1||12620|
71|71||3-5-0-0-1-1||24640|
72|72||3-5-0-0-1-1||12320|
73|73||3-5-0-0-1-1||12320|
74|74||3-5-0-0-1-1||16800|
75|75||3-5-0-0-1-1||16000|
76|76||3-5-0-0-1-1||8261620|
77|77||3-5-0-0-1-1||946500|
78|78||3-5-0-0-1-1||39140|
79|79||3-5-0-0-1-1||518620|
80|80||3-5-0-0-1-1||12320|
81|81||3-5-0-0-1-1||229580|
82|82||3-5-0-0-1-1||3625400|
83|83||3-5-0-0-1-1||16240|
84|84||3-5-0-0-1-1||12320|
85|85||3-5-0-0-1-1||12320|
86|86||3-5-0-0-1-1||360000|
87|87||3-5-0-0-1-1||375200|
88|88||3-5-0-0-1-1||262000|
89|89||3-5-0-0-1-1||124680|
90|90||3-5-0-0-1-1||268900|
91|91||3-5-0-0-1-1||140000|
92|92||3-5-0-0-1-1||95720|
93|93||3-5-0-0-1-1||112100|
94|94||3-5-0-0-1-1||16000|
95|95||3-5-0-0-1-1||61700|
96|96||3-5-0-0-1-1||1726900|
97|97||3-5-0-0-1-1||661500|
98|98||3-5-0-0-1-1||16100|
99|99||3-5-0-0-1-1||348780|
100|100||3-5-0-0-1-1||24640|
101|101||3-5-0-0-1-1||513500|
102|102||3-5-0-0-1-1||60000|
103|103||3-5-0-0-1-1||36300|
104|104||3-5-0-0-1-1||44000|
105|105||3-5-0-0-1-1||104400|
106|106||3-5-0-0-1-1||17760|
107|107||3-5-0-0-1-1||160000|
108|108||3-5-0-0-1-1||6160|
109|109||3-5-0-0-1-1||40|
110|110||3-5-0-0-1-1||80340|
111|111||3-5-0-0-1-1||109400|
112|112||3-5-0-0-1-1||112120|
113|113||3-5-0-0-1-1||505200|
114|114||3-5-0-0-1-1||91000|
115|115||3-5-0-0-1-1||147100|
116|116||3-5-0-0-1-1||32949|
117|117||3-5-0-0-1-1||248400|
118|118||3-5-0-0-1-1||3268200|
119|119||3-5-0-0-1-1||5811900|
120|120||3-5-0-0-1-1||131300|
121|121||3-5-0-0-1-1||126000|
122|122||3-5-0-0-1-1||500|
123|123||3-5-0-0-1-1||500|
124|124||3-5-0-0-1-1||12320|
125|125||3-5-0-0-1-1||12320|
126|126||3-5-0-0-1-1||2095100|
127|127||3-5-0-0-1-1||37860|
128|128||3-5-0-0-1-1||308000|
129|129||3-5-0-0-1-1||28440|
130|130||3-5-0-0-1-1||12320|
131|131||3-5-0-0-1-1||112400|
132|132||3-5-0-0-1-1||157700|
133|133||3-5-0-0-1-1||130300|
134|134||3-5-0-0-1-1||151340|
135|135||3-5-0-0-1-1||12320|
136|136||3-5-0-0-1-1||38600|
137|137||3-5-0-0-1-1||19900|
138|138||3-5-0-0-1-1||82800|
139|139||3-5-0-0-1-1||283500|
140|140||3-5-0-0-1-1||24740|
141|141||3-5-0-0-1-1||199000|
142|142||3-5-0-0-1-1||12320|
143|143||3-5-0-0-1-1||887960|
144|144||3-5-0-0-1-1||379700|
145|145||3-5-0-0-1-1||2043800|
146|146||3-5-0-0-1-1||1250400|
147|147||3-5-0-0-1-1||42230|
148|148||3-5-0-0-1-1||12420|
149|149||3-5-0-0-1-1||32520|
150|150||3-5-0-0-1-1||12620|
151|151||3-5-0-0-1-1||27120|
152|152||3-5-0-0-1-1||31363800|
153|153||3-5-0-0-1-1||36900|
154|154||3-5-0-0-1-1||12320|
155|155||3-5-0-0-1-1||20202|
156|156||3-5-0-0-1-1||12320|
157|157||3-5-0-0-1-1||200|
158|158||3-5-0-0-1-1||3700|
159|159||3-5-0-0-1-1||105|
160|160||3-5-0-0-1-1||282620|
161|161||3-5-0-0-1-1||12320|
162|162||3-5-0-0-1-1||3100|
163|163||3-5-0-0-1-1||144900|
164|164||3-5-0-0-1-1||12320|
165|165||3-5-0-0-1-1||36900|
166|166||3-5-0-0-1-1||227900|
167|167||3-5-0-0-1-1||13000|
168|168||3-5-0-0-1-1||14000|
169|169||3-5-0-0-1-1||12420|
170|170||3-5-0-0-1-1||26000|
171|171||3-5-0-0-1-1||24640|
172|172||3-5-0-0-1-1||24640|
173|173||3-5-0-0-1-1||36960|
174|174||3-5-0-0-1-1||61800|
175|175||3-5-0-0-1-1||12320|
176|176||3-5-0-0-1-1||12320|
177|177||3-5-0-0-1-1||12320|
178|178||3-5-0-0-1-1||12320|
179|179||3-5-0-0-1-1||78220|
180|180||3-5-0-0-1-1||16300|
181|181||3-5-0-0-1-1||12420|
182|182||3-5-0-0-1-1||1513600|
183|183||3-5-0-0-1-1||420|
184|184||3-5-0-0-1-1||24640|
185|185||3-5-0-0-1-1||28420|
186|186||3-5-0-0-1-1||321260|
187|187||3-5-0-0-1-1||400|
188|188||3-5-0-0-1-1||1339900|
189|189||3-5-0-0-1-1||226500|
190|190||3-5-0-0-1-1||147080|
191|191||3-5-0-0-1-1||12320|
192|192||3-5-0-0-1-1||28442|
193|193||3-5-0-0-1-1||12720|
194|194||3-5-0-0-1-1||78300|
195|195||3-5-0-0-1-1||37000|
196|196||3-5-0-0-1-1||16000|
197|197||3-5-0-0-1-1||10300|
198|198||3-5-0-0-1-1||420|
199|199||3-5-0-0-1-1||420|
200|200||3-5-0-0-1-1||12720|
