1|1||3-5-0-0-1-1||53500|
2|2||3-5-0-0-1-1||564500|
3|3||3-5-0-0-1-1||1424200|
4|4||3-5-0-0-1-1||19900|
5|5||3-5-0-0-1-1||16600|
6|6||3-5-0-0-1-1||40000|
7|7||3-5-0-0-1-1||25200|
8|8||3-5-0-0-1-1||641460|
9|9||3-5-0-0-1-1||3397620|
10|10||3-5-0-0-1-1||148800|
11|11||3-5-0-0-1-1||384500|
12|12||3-5-0-0-1-1||24600|
13|13||3-5-0-0-1-1||10820|
14|14||3-5-0-0-1-1||12320|
15|15||3-5-0-0-1-1||577900|
16|16||3-5-0-0-1-1||12300|
17|17||3-5-0-0-1-1||42540|
18|18||3-5-0-0-1-1||42540|
19|19||3-5-0-0-1-1||41540|
20|20||3-5-0-0-1-1||28320|
21|21||3-5-0-0-1-1||12600|
22|22||3-5-0-0-1-1||12320|
23|23||3-5-0-0-1-1||160160|
24|24||3-5-0-0-1-1||985600|
25|25||3-5-0-0-1-1||102200|
26|26||3-5-0-0-1-1||1180400|
27|27||3-5-0-0-1-1||39200|
28|28||3-5-0-0-1-1||24000|
29|29||3-5-0-0-1-1||170100|
30|30||3-5-0-0-1-1||151200|
31|31||3-5-0-0-1-1||94100|
32|32||3-5-0-0-1-1||12320|
33|33||3-5-0-0-1-1||1345100|
34|34||3-5-0-0-1-1||86600|
35|35||3-5-0-0-1-1||9879980|
36|36||3-5-0-0-1-1||50760|
37|37||3-5-0-0-1-1||62640|
38|38||3-5-0-0-1-1||197120|
39|39||3-5-0-0-1-1||72058|
40|40||3-5-0-0-1-1||300231|
41|41||3-5-0-0-1-1||271300|
42|42||3-5-0-0-1-1||377692|
43|43||3-5-0-0-1-1||30200|
44|44||3-5-0-0-1-1||24640|
45|45||3-5-0-0-1-1||12720|
46|46||3-5-0-0-1-1||66640|
47|47||3-5-0-0-1-1||16100|
48|48||3-5-0-0-1-1||1428600|
49|49||3-5-0-0-1-1||24740|
50|50||3-5-0-0-1-1||236220|
51|51||3-5-0-0-1-1||24640|
52|52||3-5-0-0-1-1||178720|
53|53||3-5-0-0-1-1||12320|
54|54||3-5-0-0-1-1||18700|
55|55||3-5-0-0-1-1||3080|
56|56||3-5-0-0-1-1||3100|
57|57||3-5-0-0-1-1||14720|
58|58||3-5-0-0-1-1||3080|
59|59||3-5-0-0-1-1||180000|
60|60||3-5-0-0-1-1||12320|
61|61||3-5-0-0-1-1||12320|
62|62||3-5-0-0-1-1||12320|
63|63||3-5-0-0-1-1||63640|
64|64||3-5-0-0-1-1||24640|
65|65||3-5-0-0-1-1||36000|
66|66||3-5-0-0-1-1||12320|
67|67||3-5-0-0-1-1||15900|
68|68||3-5-0-0-1-1||12420|
69|69||3-5-0-0-1-1||15400|
70|70||3-5-0-0-1-1||12420|
71|71||3-5-0-0-1-1||12320|
72|72||3-5-0-0-1-1||49280|
73|73||3-5-0-0-1-1||12320|
74|74||3-5-0-0-1-1||12320|
75|75||3-5-0-0-1-1||12320|
76|76||3-5-0-0-1-1||17800|
77|77||3-5-0-0-1-1||12420|
78|78||3-5-0-0-1-1||13880|
79|79||3-5-0-0-1-1||12620|
80|80||3-5-0-0-1-1||12920|
81|81||3-5-0-0-1-1||12320|
82|82||3-5-0-0-1-1||24640|
83|83||3-5-0-0-1-1||12320|
84|84||3-5-0-0-1-1||37060|
85|85||3-5-0-0-1-1||12420|
86|86||3-5-0-0-1-1||86240|
87|87||3-5-0-0-1-1||12320|
88|88||3-5-0-0-1-1||140000|
89|89||3-5-0-0-1-1||12320|
90|90||3-5-0-0-1-1||1320200|
91|91||3-5-0-0-1-1||367520|
92|92||3-5-0-0-1-1||234080|
93|93||3-5-0-0-1-1||111180|
94|94||3-5-0-0-1-1||340000|
95|95||3-5-0-0-1-1||175000|
96|96||3-5-0-0-1-1||128000|
97|97||3-5-0-0-1-1||961400|
98|98||3-5-0-0-1-1||523400|
99|99||3-5-0-0-1-1||36960|
100|100||3-5-0-0-1-1||378800|
101|101||3-5-0-0-1-1||12620|
102|102||3-5-0-0-1-1||14600|
103|103||3-5-0-0-1-1||25420|
104|104||3-5-0-0-1-1||14300|
105|105||3-5-0-0-1-1||14900|
106|106||3-5-0-0-1-1||14000|
107|107||3-5-0-0-1-1||13020|
108|108||3-5-0-0-1-1||230900|
109|109||3-5-0-0-1-1||37060|
110|110||3-5-0-0-1-1||153380|
111|111||3-5-0-0-1-1||12320|
112|112||3-5-0-0-1-1||17000|
113|113||3-5-0-0-1-1||4555500|
114|114||3-5-0-0-1-1||12320|
115|115||3-5-0-0-1-1||36400|
116|116||3-5-0-0-1-1||123200|
117|117||3-5-0-0-1-1||12320|
118|118||3-5-0-0-1-1||16400|
119|119||3-5-0-0-1-1||12320|
120|120||3-5-0-0-1-1||12320|
121|121||3-5-0-0-1-1||12320|
122|122||3-5-0-0-1-1||958100|
123|123||3-5-0-0-1-1||23580500|
124|124||3-5-0-0-1-1||40840|
125|125||3-5-0-0-1-1||12320|
126|126||3-5-0-0-1-1||12320|
127|127||3-5-0-0-1-1||3720|
128|128||3-5-0-0-1-1||12320|
129|129||3-5-0-0-1-1||45400|
130|130||3-5-0-0-1-1||45180|
131|131||3-5-0-0-1-1||2900|
132|132||3-5-0-0-1-1||2500|
133|133||3-5-0-0-1-1||23020|
134|134||3-5-0-0-1-1||256500|
135|135||3-5-0-0-1-1||4368800|
136|136||3-5-0-0-1-1||12320|
137|137||3-5-0-0-1-1||9040|
138|138||3-5-0-0-1-1||24640|
139|139||3-5-0-0-1-1||12320|
140|140||3-5-0-0-1-1||12320|
141|141||3-5-0-0-1-1||12320|
142|142||3-5-0-0-1-1||24740|
143|143||3-5-0-0-1-1||5420|
144|144||3-5-0-0-1-1||25060|
145|145||3-5-0-0-1-1||12320|
146|146||3-5-0-0-1-1||12320|
147|147||3-5-0-0-1-1||18300|
148|148||3-5-0-0-1-1||12320|
149|149||3-5-0-0-1-1||5000|
150|150||3-5-0-0-1-1||16100|
151|151||3-5-0-0-1-1||12320|
152|152||3-5-0-0-1-1||56640|
153|153||3-5-0-0-1-1||12320|
154|154||3-5-0-0-1-1||99160|
155|155||3-5-0-0-1-1||24740|
156|156||3-5-0-0-1-1||27720|
157|157||3-5-0-0-1-1||12320|
158|158||3-5-0-0-1-1||16000|
159|159||3-5-0-0-1-1||12320|
160|160||3-5-0-0-1-1||12320|
161|161||3-5-0-0-1-1||13500|
162|162||3-5-0-0-1-1||51120|
163|163||3-5-0-0-1-1||15100|
164|164||3-5-0-0-1-1||49280|
165|165||3-5-0-0-1-1||219280|
166|166||3-5-0-0-1-1||190400|
167|167||3-5-0-0-1-1||12320|
168|168||3-5-0-0-1-1||12320|
169|169||3-5-0-0-1-1||23942|
170|170||3-5-0-0-1-1||49480|
171|171||3-5-0-0-1-1||25160|
172|172||3-5-0-0-1-1||37060|
173|173||3-5-0-0-1-1||37060|
174|174||3-5-0-0-1-1||14000|
175|175||3-5-0-0-1-1||12320|
176|176||3-5-0-0-1-1||12420|
177|177||3-5-0-0-1-1||86100|
178|178||3-5-0-0-1-1||78340|
179|179||3-5-0-0-1-1||84000|
180|180||3-5-0-0-1-1||37610|
181|181||3-5-0-0-1-1||30000|
182|182||3-5-0-0-1-1||70980|
183|183||3-5-0-0-1-1||12420|
184|184||3-5-0-0-1-1||300240|
185|185||3-5-0-0-1-1||12320|
186|186||3-5-0-0-1-1||12320|
187|187||3-5-0-0-1-1||12420|
188|188||3-5-0-0-1-1||24640|
189|189||3-5-0-0-1-1||36960|
190|190||3-5-0-0-1-1||12320|
191|191||3-5-0-0-1-1||12320|
192|192||3-5-0-0-1-1||12320|
193|193||3-5-0-0-1-1||12320|
194|194||3-5-0-0-1-1||12620|
195|195||3-5-0-0-1-1||12320|
196|196||3-5-0-0-1-1||12320|
197|197||3-5-0-0-1-1||12420|
198|198||3-5-0-0-1-1||12320|
199|199||3-5-0-0-1-1||24000|
200|200||3-5-0-0-1-1||6200|
