1|1||3-5-0-0-1-1||83820|
2|2||3-5-0-0-1-1||12320|
3|3||3-5-0-0-1-1||12320|
4|4||3-5-0-0-1-1||12320|
5|5||3-5-0-0-1-1||75040|
6|6||3-5-0-0-1-1||34086|
7|7||3-5-0-0-1-1||12420|
8|8||3-5-0-0-1-1||12620|
9|9||3-5-0-0-1-1||12320|
10|10||3-5-0-0-1-1||39500|
11|11||3-5-0-0-1-1||38700|
12|12||3-5-0-0-1-1||8220|
13|13||3-5-0-0-1-1||193540|
14|14||3-5-0-0-1-1||65240|
15|15||3-5-0-0-1-1||35100|
16|16||3-5-0-0-1-1||36960|
17|17||3-5-0-0-1-1||49480|
18|18||3-5-0-0-1-1||12320|
19|19||3-5-0-0-1-1||75160|
20|20||3-5-0-0-1-1||12320|
21|21||3-5-0-0-1-1||29300|
22|22||3-5-0-0-1-1||690000|
23|23||3-5-0-0-1-1||12320|
24|24||3-5-0-0-1-1||12320|
25|25||3-5-0-0-1-1||14000|
26|26||3-5-0-0-1-1||16000|
27|27||3-5-0-0-1-1||36960|
28|28||3-5-0-0-1-1||10261|
29|29||3-5-0-0-1-1||36900|
30|30||3-5-0-0-1-1||6200|
31|31||3-5-0-0-1-1||12320|
32|32||3-5-0-0-1-1||12320|
33|33||3-5-0-0-1-1||2666|
34|34||3-5-0-0-1-1||35500|
35|35||3-5-0-0-1-1||12400|
36|36||3-5-0-0-1-1||63100|
37|37||3-5-0-0-1-1||22430|
38|38||3-5-0-0-1-1||59240|
39|39||3-5-0-0-1-1||101560|
40|40||3-5-0-0-1-1||12320|
41|41||3-5-0-0-1-1||9446|
42|42||3-5-0-0-1-1||12320|
43|43||3-5-0-0-1-1||20000|
44|44||3-5-0-0-1-1||2800|
45|45||3-5-0-0-1-1||1399900|
46|46||3-5-0-0-1-1||200800|
47|47||3-5-0-0-1-1||715300|
48|48||3-5-0-0-1-1||1907400|
49|49||3-5-0-0-1-1||836500|
50|50||3-5-0-0-1-1||12320|
51|51||3-5-0-0-1-1||12320|
52|52||3-5-0-0-1-1||12320|
53|53||3-5-0-0-1-1||6422520|
54|54||3-5-0-0-1-1||3030400|
55|55||3-5-0-0-1-1||53100|
56|56||3-5-0-0-1-1||82820|
57|57||3-5-0-0-1-1||250000|
58|58||3-5-0-0-1-1||254200|
59|59||3-5-0-0-1-1||12420|
60|60||3-5-0-0-1-1||12320|
61|61||3-5-0-0-1-1||12620|
62|62||3-5-0-0-1-1||12320|
63|63||3-5-0-0-1-1||3100|
64|64||3-5-0-0-1-1||52940|
65|65||3-5-0-0-1-1||10300|
66|66||3-5-0-0-1-1||93440|
67|67||3-5-0-0-1-1||13000|
68|68||3-5-0-0-1-1||12320|
69|69||3-5-0-0-1-1||12520|
70|70||3-5-0-0-1-1||50000|
71|71||3-5-0-0-1-1||24640|
72|72||3-5-0-0-1-1||12420|
73|73||3-5-0-0-1-1||12320|
74|74||3-5-0-0-1-1||51300|
75|75||3-5-0-0-1-1||2502|
76|76||3-5-0-0-1-1||249820|
77|77||3-5-0-0-1-1||12320|
78|78||3-5-0-0-1-1||12420|
79|79||3-5-0-0-1-1||12420|
80|80||3-5-0-0-1-1||74900|
81|81||3-5-0-0-1-1||74900|
82|82||3-5-0-0-1-1||24740|
83|83||3-5-0-0-1-1||12420|
84|84||3-5-0-0-1-1||12320|
85|85||3-5-0-0-1-1||25240|
86|86||3-5-0-0-1-1||37060|
87|87||3-5-0-0-1-1||40660|
88|88||3-5-0-0-1-1||24740|
89|89||3-5-0-0-1-1||69680|
90|90||3-5-0-0-1-1||3100|
91|91||3-5-0-0-1-1||26220|
92|92||3-5-0-0-1-1||24740|
93|93||3-5-0-0-1-1||24640|
94|94||3-5-0-0-1-1||12320|
95|95||3-5-0-0-1-1||13600|
96|96||3-5-0-0-1-1||12420|
97|97||3-5-0-0-1-1||100940|
98|98||3-5-0-0-1-1||52500|
99|99||3-5-0-0-1-1||12320|
100|100||3-5-0-0-1-1||12320|
101|101||3-5-0-0-1-1||3100|
102|102||3-5-0-0-1-1||12320|
103|103||3-5-0-0-1-1||12320|
104|104||3-5-0-0-1-1||12320|
105|105||3-5-0-0-1-1||24640|
106|106||3-5-0-0-1-1||172000|
107|107||3-5-0-0-1-1||80960|
108|108||3-5-0-0-1-1||24740|
109|109||3-5-0-0-1-1||49280|
110|110||3-5-0-0-1-1||12420|
111|111||3-5-0-0-1-1||12320|
112|112||3-5-0-0-1-1||24740|
113|113||3-5-0-0-1-1||24740|
114|114||3-5-0-0-1-1||12320|
115|115||3-5-0-0-1-1||12320|
116|116||3-5-0-0-1-1||12420|
117|117||3-5-0-0-1-1||28340|
118|118||3-5-0-0-1-1||12320|
119|119||3-5-0-0-1-1||12320|
120|120||3-5-0-0-1-1||12420|
121|121||3-5-0-0-1-1||12320|
122|122||3-5-0-0-1-1||24740|
123|123||3-5-0-0-1-1||12720|
124|124||3-5-0-0-1-1||12420|
125|125||3-5-0-0-1-1||12320|
126|126||3-5-0-0-1-1||12320|
127|127||3-5-0-0-1-1||12320|
128|128||3-5-0-0-1-1||6160|
129|129||3-5-0-0-1-1||793600|
130|130||3-5-0-0-1-1||12320|
131|131||3-5-0-0-1-1||12320|
132|132||3-5-0-0-1-1||82574|
133|133||3-5-0-0-1-1||44640|
134|134||3-5-0-0-1-1||12000|
135|135||3-5-0-0-1-1||49380|
136|136||3-5-0-0-1-1||12320|
137|137||3-5-0-0-1-1||443525|
138|138||3-5-0-0-1-1||12320|
139|139||3-5-0-0-1-1||12320|
140|140||3-5-0-0-1-1||12320|
141|141||3-5-0-0-1-1||177400|
142|142||3-5-0-0-1-1||65500|
143|143||3-5-0-0-1-1||117460|
144|144||3-5-0-0-1-1||12400|
145|145||3-5-0-0-1-1||24640|
146|146||3-5-0-0-1-1||1448900|
147|147||3-5-0-0-1-1||31400|
148|148||3-5-0-0-1-1||340200|
149|149||3-5-0-0-1-1||213700|
150|150||3-5-0-0-1-1||4900|
151|151||3-5-0-0-1-1||12320|
152|152||3-5-0-0-1-1||12320|
153|153||3-5-0-0-1-1||12420|
154|154||3-5-0-0-1-1||113020|
155|155||3-5-0-0-1-1||24600|
156|156||3-5-0-0-1-1||14100|
157|157||3-5-0-0-1-1||380000|
158|158||3-5-0-0-1-1||2400|
159|159||3-5-0-0-1-1||12420|
160|160||3-5-0-0-1-1||360660|
161|161||3-5-0-0-1-1||171400|
162|162||3-5-0-0-1-1||31320|
163|163||3-5-0-0-1-1||361160|
164|164||3-5-0-0-1-1||36960|
165|165||3-5-0-0-1-1||12320|
166|166||3-5-0-0-1-1||24820|
167|167||3-5-0-0-1-1||98440|
168|168||3-5-0-0-1-1||12420|
169|169||3-5-0-0-1-1||280000|
170|170||3-5-0-0-1-1||12320|
171|171||3-5-0-0-1-1||69022|
172|172||3-5-0-0-1-1||73840|
173|173||3-5-0-0-1-1||8824|
174|174||3-5-0-0-1-1||12320|
175|175||3-5-0-0-1-1||24640|
176|176||3-5-0-0-1-1||12320|
177|177||3-5-0-0-1-1||24640|
178|178||3-5-0-0-1-1||70620|
179|179||3-5-0-0-1-1||12320|
180|180||3-5-0-0-1-1||31100|
181|181||3-5-0-0-1-1||12320|
182|182||3-5-0-0-1-1||12420|
183|183||3-5-0-0-1-1||262000|
184|184||3-5-0-0-1-1||12320|
185|185||3-5-0-0-1-1||12320|
186|186||3-5-0-0-1-1||78320|
187|187||3-5-0-0-1-1||7542|
188|188||3-5-0-0-1-1||12320|
189|189||3-5-0-0-1-1||12320|
190|190||3-5-0-0-1-1||138929|
191|191||3-5-0-0-1-1||24740|
192|192||3-5-0-0-1-1||12300|
193|193||3-5-0-0-1-1||37260|
194|194||3-5-0-0-1-1||12320|
195|195||3-5-0-0-1-1||12420|
196|196||3-5-0-0-1-1||16000|
197|197||3-5-0-0-1-1||49480|
198|198||3-5-0-0-1-1||24740|
199|199||3-5-0-0-1-1||58200|
200|200||3-5-0-0-1-1||12400|
