1|1||3-5-0-0-1-1||172200|
2|2||3-5-0-0-1-1||14700|
3|3||3-5-0-0-1-1||12320|
4|4||3-5-0-0-1-1||24640|
5|5||3-5-0-0-1-1||279263|
6|6||3-5-0-0-1-1||155800|
7|7||3-5-0-0-1-1||221760|
8|8||3-5-0-0-1-1||166320|
9|9||3-5-0-0-1-1||185200|
10|10||3-5-0-0-1-1||125000|
11|11||3-5-0-0-1-1||24740|
12|12||3-5-0-0-1-1||61600|
13|13||3-5-0-0-1-1||13000|
14|14||3-5-0-0-1-1||12320|
15|15||3-5-0-0-1-1||29980|
16|16||3-5-0-0-1-1||123700|
17|17||3-5-0-0-1-1||49280|
18|18||3-5-0-0-1-1||23780|
19|19||3-5-0-0-1-1||36960|
20|20||3-5-0-0-1-1||50000|
21|21||3-5-0-0-1-1||3700|
22|22||3-5-0-0-1-1||13964|
23|23||3-5-0-0-1-1||162900|
24|24||3-5-0-0-1-1||12400|
25|25||3-5-0-0-1-1||406000|
26|26||3-5-0-0-1-1||103700|
27|27||3-5-0-0-1-1||36960|
28|28||3-5-0-0-1-1||12320|
29|29||3-5-0-0-1-1||18580|
30|30||3-5-0-0-1-1||24640|
31|31||3-5-0-0-1-1||12320|
32|32||3-5-0-0-1-1||12320|
33|33||3-5-0-0-1-1||37060|
34|34||3-5-0-0-1-1||12600|
35|35||3-5-0-0-1-1||149820|
36|36||3-5-0-0-1-1||38600|
37|37||3-5-0-0-1-1||12320|
38|38||3-5-0-0-1-1||12320|
39|39||3-5-0-0-1-1||12320|
40|40||3-5-0-0-1-1||12420|
41|41||3-5-0-0-1-1||12420|
42|42||3-5-0-0-1-1||143924|
43|43||3-5-0-0-1-1||80820|
44|44||3-5-0-0-1-1||122080|
45|45||3-5-0-0-1-1||120826|
46|46||3-5-0-0-1-1||12320|
47|47||3-5-0-0-1-1||12740|
48|48||3-5-0-0-1-1||401520|
49|49||3-5-0-0-1-1||24640|
50|50||3-5-0-0-1-1||4107|
51|51||3-5-0-0-1-1||15620|
52|52||3-5-0-0-1-1||26700|
53|53||3-5-0-0-1-1||12320|
54|54||3-5-0-0-1-1||36960|
55|55||3-5-0-0-1-1||66120|
56|56||3-5-0-0-1-1||12320|
57|57||3-5-0-0-1-1||85700|
58|58||3-5-0-0-1-1||53960|
59|59||3-5-0-0-1-1||24640|
60|60||3-5-0-0-1-1||12320|
61|61||3-5-0-0-1-1||67260|
62|62||3-5-0-0-1-1||12320|
63|63||3-5-0-0-1-1||61600|
64|64||3-5-0-0-1-1||12320|
65|65||3-5-0-0-1-1||24640|
66|66||3-5-0-0-1-1||24600|
67|67||3-5-0-0-1-1||1240|
68|68||3-5-0-0-1-1||37560|
69|69||3-5-0-0-1-1||9300|
70|70||3-5-0-0-1-1||12320|
71|71||3-5-0-0-1-1||12320|
72|72||3-5-0-0-1-1||3100|
73|73||3-5-0-0-1-1||58220|
74|74||3-5-0-0-1-1||353340|
75|75||3-5-0-0-1-1||699044|
76|76||3-5-0-0-1-1||87200|
77|77||3-5-0-0-1-1||884680|
78|78||3-5-0-0-1-1||549460|
79|79||3-5-0-0-1-1||12620|
80|80||3-5-0-0-1-1||24640|
81|81||3-5-0-0-1-1||70224|
82|82||3-5-0-0-1-1||26500|
83|83||3-5-0-0-1-1||72320|
84|84||3-5-0-0-1-1||71820|
85|85||3-5-0-0-1-1||12320|
86|86||3-5-0-0-1-1||12320|
87|87||3-5-0-0-1-1||3100|
88|88||3-5-0-0-1-1||3100|
89|89||3-5-0-0-1-1||13200|
90|90||3-5-0-0-1-1||12900|
91|91||3-5-0-0-1-1||12320|
92|92||3-5-0-0-1-1||3100|
93|93||3-5-0-0-1-1||6200|
94|94||3-5-0-0-1-1||9900|
95|95||3-5-0-0-1-1||480360|
96|96||3-5-0-0-1-1||5690|
97|97||3-5-0-0-1-1||7000|
98|98||3-5-0-0-1-1||12620|
99|99||3-5-0-0-1-1||135520|
100|100||3-5-0-0-1-1||36960|
101|101||3-5-0-0-1-1||137880|
102|102||3-5-0-0-1-1||12620|
103|103||3-5-0-0-1-1||36960|
104|104||3-5-0-0-1-1||160960|
105|105||3-5-0-0-1-1||12320|
106|106||3-5-0-0-1-1||12320|
107|107||3-5-0-0-1-1||12320|
108|108||3-5-0-0-1-1||19020|
109|109||3-5-0-0-1-1||12320|
110|110||3-5-0-0-1-1||12320|
111|111||3-5-0-0-1-1||240000|
112|112||3-5-0-0-1-1||6200|
113|113||3-5-0-0-1-1||12320|
114|114||3-5-0-0-1-1||12420|
115|115||3-5-0-0-1-1||12320|
116|116||3-5-0-0-1-1||24840|
117|117||3-5-0-0-1-1||12420|
118|118||3-5-0-0-1-1||12320|
119|119||3-5-0-0-1-1||43400|
120|120||3-5-0-0-1-1||1400|
121|121||3-5-0-0-1-1||62900|
122|122||3-5-0-0-1-1||11500|
123|123||3-5-0-0-1-1||36960|
124|124||3-5-0-0-1-1||12320|
125|125||3-5-0-0-1-1||12320|
126|126||3-5-0-0-1-1||24640|
127|127||3-5-0-0-1-1||12320|
128|128||3-5-0-0-1-1||24740|
129|129||3-5-0-0-1-1||12320|
130|130||3-5-0-0-1-1||12420|
131|131||3-5-0-0-1-1||12320|
132|132||3-5-0-0-1-1||12420|
133|133||3-5-0-0-1-1||37060|
134|134||3-5-0-0-1-1||19600|
135|135||3-5-0-0-1-1||12320|
136|136||3-5-0-0-1-1||15620|
137|137||3-5-0-0-1-1||12320|
138|138||3-5-0-0-1-1||12320|
139|139||3-5-0-0-1-1||36960|
140|140||3-5-0-0-1-1||110820|
141|141||3-5-0-0-1-1||13000|
142|142||3-5-0-0-1-1||36960|
143|143||3-5-0-0-1-1||12320|
144|144||3-5-0-0-1-1||12320|
145|145||3-5-0-0-1-1||24640|
146|146||3-5-0-0-1-1||12620|
147|147||3-5-0-0-1-1||42900|
148|148||3-5-0-0-1-1||138240|
149|149||3-5-0-0-1-1||12320|
150|150||3-5-0-0-1-1||39040|
151|151||3-5-0-0-1-1||400|
152|152||3-5-0-0-1-1||400|
153|153||3-5-0-0-1-1||12320|
154|154||3-5-0-0-1-1||216120|
155|155||3-5-0-0-1-1||12320|
156|156||3-5-0-0-1-1||1692900|
157|157||3-5-0-0-1-1||100820|
158|158||3-5-0-0-1-1||24740|
159|159||3-5-0-0-1-1||1308400|
160|160||3-5-0-0-1-1||10300|
161|161||3-5-0-0-1-1||12320|
162|162||3-5-0-0-1-1||12320|
163|163||3-5-0-0-1-1||12400|
164|164||3-5-0-0-1-1||12420|
165|165||3-5-0-0-1-1||12600|
166|166||3-5-0-0-1-1||200000|
167|167||3-5-0-0-1-1||101620|
168|168||3-5-0-0-1-1||219700|
169|169||3-5-0-0-1-1||688900|
170|170||3-5-0-0-1-1||806100|
171|171||3-5-0-0-1-1||12320|
172|172||3-5-0-0-1-1||202380|
173|173||3-5-0-0-1-1||15220|
174|174||3-5-0-0-1-1||12420|
175|175||3-5-0-0-1-1||14000|
176|176||3-5-0-0-1-1||32800|
177|177||3-5-0-0-1-1||12320|
178|178||3-5-0-0-1-1||12320|
179|179||3-5-0-0-1-1||61600|
180|180||3-5-0-0-1-1||12320|
181|181||3-5-0-0-1-1||12320|
182|182||3-5-0-0-1-1||37060|
183|183||3-5-0-0-1-1||12300|
184|184||3-5-0-0-1-1||24640|
185|185||3-5-0-0-1-1||24700|
186|186||3-5-0-0-1-1||12320|
187|187||3-5-0-0-1-1||22780|
188|188||3-5-0-0-1-1||12320|
189|189||3-5-0-0-1-1||22450000|
190|190||3-5-0-0-1-1||28620|
191|191||3-5-0-0-1-1||99060|
192|192||3-5-0-0-1-1||12320|
193|193||3-5-0-0-1-1||184960|
194|194||3-5-0-0-1-1||5000|
195|195||3-5-0-0-1-1||12320|
196|196||3-5-0-0-1-1||12520|
197|197||3-5-0-0-1-1||61600|
198|198||3-5-0-0-1-1||3100|
199|199||3-5-0-0-1-1||5440|
200|200||3-5-0-0-1-1||197900|
