1|1||3-5-0-0-1-1||24640|
2|2||3-5-0-0-1-1||12320|
3|3||3-5-0-0-1-1||211120|
4|4||3-5-0-0-1-1||12320|
5|5||3-5-0-0-1-1||12300|
6|6||3-5-0-0-1-1||12740|
7|7||3-5-0-0-1-1||12320|
8|8||3-5-0-0-1-1||48460|
9|9||3-5-0-0-1-1||24640|
10|10||3-5-0-0-1-1||12320|
11|11||3-5-0-0-1-1||28640|
12|12||3-5-0-0-1-1||44600|
13|13||3-5-0-0-1-1||26520|
14|14||3-5-0-0-1-1||58820|
15|15||3-5-0-0-1-1||42320|
16|16||3-5-0-0-1-1||47580|
17|17||3-5-0-0-1-1||24640|
18|18||3-5-0-0-1-1||12100|
19|19||3-5-0-0-1-1||17700|
20|20||3-5-0-0-1-1||12320|
21|21||3-5-0-0-1-1||21970|
22|22||3-5-0-0-1-1||12420|
23|23||3-5-0-0-1-1||12720|
24|24||3-5-0-0-1-1||90000|
25|25||3-5-0-0-1-1||12320|
26|26||3-5-0-0-1-1||49280|
27|27||3-5-0-0-1-1||34500|
28|28||3-5-0-0-1-1||49580|
29|29||3-5-0-0-1-1||24600|
30|30||3-5-0-0-1-1||36960|
31|31||3-5-0-0-1-1||24640|
32|32||3-5-0-0-1-1||12420|
33|33||3-5-0-0-1-1||13200|
34|34||3-5-0-0-1-1||12420|
35|35||3-5-0-0-1-1||12300|
36|36||3-5-0-0-1-1||12320|
37|37||3-5-0-0-1-1||12320|
38|38||3-5-0-0-1-1||73920|
39|39||3-5-0-0-1-1||49280|
40|40||3-5-0-0-1-1||24640|
41|41||3-5-0-0-1-1||229300|
42|42||3-5-0-0-1-1||562100|
43|43||3-5-0-0-1-1||406147|
44|44||3-5-0-0-1-1||12320|
45|45||3-5-0-0-1-1||143000|
46|46||3-5-0-0-1-1||1810500|
47|47||3-5-0-0-1-1||201800|
48|48||3-5-0-0-1-1||139700|
49|49||3-5-0-0-1-1||182800|
50|50||3-5-0-0-1-1||6100|
51|51||3-5-0-0-1-1||1065240|
52|52||3-5-0-0-1-1||20700|
53|53||3-5-0-0-1-1||49280|
54|54||3-5-0-0-1-1||207100|
55|55||3-5-0-0-1-1||12320|
56|56||3-5-0-0-1-1||21800|
57|57||3-5-0-0-1-1||12320|
58|58||3-5-0-0-1-1||24740|
59|59||3-5-0-0-1-1||235200|
60|60||3-5-0-0-1-1||12321|
61|61||3-5-0-0-1-1||194620|
62|62||3-5-0-0-1-1||24640|
63|63||3-5-0-0-1-1||138900|
64|64||3-5-0-0-1-1||10400|
65|65||3-5-0-0-1-1||135520|
66|66||3-5-0-0-1-1||88020|
67|67||3-5-0-0-1-1||283900|
68|68||3-5-0-0-1-1||6400|
69|69||3-5-0-0-1-1||78900|
70|70||3-5-0-0-1-1||232140|
71|71||3-5-0-0-1-1||12320|
72|72||3-5-0-0-1-1||34186|
73|73||3-5-0-0-1-1||12320|
74|74||3-5-0-0-1-1||12420|
75|75||3-5-0-0-1-1||12320|
76|76||3-5-0-0-1-1||49480|
77|77||3-5-0-0-1-1||58200|
78|78||3-5-0-0-1-1||37060|
79|79||3-5-0-0-1-1||45700|
80|80||3-5-0-0-1-1||329126|
81|81||3-5-0-0-1-1||118911|
82|82||3-5-0-0-1-1||2500|
83|83||3-5-0-0-1-1||2520|
84|84||3-5-0-0-1-1||623100|
85|85||3-5-0-0-1-1||12420|
86|86||3-5-0-0-1-1||12620|
87|87||3-5-0-0-1-1||49480|
88|88||3-5-0-0-1-1||12320|
89|89||3-5-0-0-1-1||24100|
90|90||3-5-0-0-1-1||14420|
91|91||3-5-0-0-1-1||149800|
92|92||3-5-0-0-1-1||24640|
93|93||3-5-0-0-1-1||12320|
94|94||3-5-0-0-1-1||12320|
95|95||3-5-0-0-1-1||24640|
96|96||3-5-0-0-1-1||2484|
97|97||3-5-0-0-1-1||24640|
98|98||3-5-0-0-1-1||36960|
99|99||3-5-0-0-1-1||23800|
100|100||3-5-0-0-1-1||24740|
101|101||3-5-0-0-1-1||112735|
102|102||3-5-0-0-1-1||24640|
103|103||3-5-0-0-1-1||13600|
104|104||3-5-0-0-1-1||103280|
105|105||3-5-0-0-1-1||12320|
106|106||3-5-0-0-1-1||12800|
107|107||3-5-0-0-1-1||24600|
108|108||3-5-0-0-1-1||12800|
109|109||3-5-0-0-1-1||93140|
110|110||3-5-0-0-1-1||12320|
111|111||3-5-0-0-1-1||99360|
112|112||3-5-0-0-1-1||12320|
113|113||3-5-0-0-1-1||167300|
114|114||3-5-0-0-1-1||36960|
115|115||3-5-0-0-1-1||24640|
116|116||3-5-0-0-1-1||74120|
117|117||3-5-0-0-1-1||12320|
118|118||3-5-0-0-1-1||24740|
119|119||3-5-0-0-1-1||61600|
120|120||3-5-0-0-1-1||24600|
121|121||3-5-0-0-1-1||8624|
122|122||3-5-0-0-1-1||25010|
123|123||3-5-0-0-1-1||12420|
124|124||3-5-0-0-1-1||13100|
125|125||3-5-0-0-1-1||160000|
126|126||3-5-0-0-1-1||1000|
127|127||3-5-0-0-1-1||1000|
128|128||3-5-0-0-1-1||36000|
129|129||3-5-0-0-1-1||1100|
130|130||3-5-0-0-1-1||12320|
131|131||3-5-0-0-1-1||3100|
132|132||3-5-0-0-1-1||53420|
133|133||3-5-0-0-1-1||49280|
134|134||3-5-0-0-1-1||37580|
135|135||3-5-0-0-1-1||6280|
136|136||3-5-0-0-1-1||50880|
137|137||3-5-0-0-1-1||38160|
138|138||3-5-0-0-1-1||12420|
139|139||3-5-0-0-1-1||12320|
140|140||3-5-0-0-1-1||12320|
141|141||3-5-0-0-1-1||12320|
142|142||3-5-0-0-1-1||24640|
143|143||3-5-0-0-1-1||82820|
144|144||3-5-0-0-1-1||12320|
145|145||3-5-0-0-1-1||52500|
146|146||3-5-0-0-1-1||18580|
147|147||3-5-0-0-1-1||12320|
148|148||3-5-0-0-1-1||1240|
149|149||3-5-0-0-1-1||24740|
150|150||3-5-0-0-1-1||30160|
151|151||3-5-0-0-1-1||37160|
152|152||3-5-0-0-1-1||83746|
153|153||3-5-0-0-1-1||17748|
154|154||3-5-0-0-1-1||63260|
155|155||3-5-0-0-1-1||25040|
156|156||3-5-0-0-1-1||11701|
157|157||3-5-0-0-1-1||6160|
158|158||3-5-0-0-1-1||69160|
159|159||3-5-0-0-1-1||12320|
160|160||3-5-0-0-1-1||12320|
161|161||3-5-0-0-1-1||36960|
162|162||3-5-0-0-1-1||294200|
163|163||3-5-0-0-1-1||12320|
164|164||3-5-0-0-1-1||36960|
165|165||3-5-0-0-1-1||12320|
166|166||3-5-0-0-1-1||12400|
167|167||3-5-0-0-1-1||12320|
168|168||3-5-0-0-1-1||24640|
169|169||3-5-0-0-1-1||12320|
170|170||3-5-0-0-1-1||49480|
171|171||3-5-0-0-1-1||12320|
172|172||3-5-0-0-1-1||49580|
173|173||3-5-0-0-1-1||296740|
174|174||3-5-0-0-1-1||49480|
175|175||3-5-0-0-1-1||12700|
176|176||3-5-0-0-1-1||21500|
177|177||3-5-0-0-1-1||19900|
178|178||3-5-0-0-1-1||20000|
179|179||3-5-0-0-1-1||12320|
180|180||3-5-0-0-1-1||73920|
181|181||3-5-0-0-1-1||12320|
182|182||3-5-0-0-1-1||22000|
183|183||3-5-0-0-1-1||12320|
184|184||3-5-0-0-1-1||12320|
185|185||3-5-0-0-1-1||4600|
186|186||3-5-0-0-1-1||12320|
187|187||3-5-0-0-1-1||49360|
188|188||3-5-0-0-1-1||12620|
189|189||3-5-0-0-1-1||12320|
190|190||3-5-0-0-1-1||12320|
191|191||3-5-0-0-1-1||16500|
192|192||3-5-0-0-1-1||17400|
193|193||3-5-0-0-1-1||3600|
194|194||3-5-0-0-1-1||5300|
195|195||3-5-0-0-1-1||4600|
196|196||3-5-0-0-1-1||4800|
197|197||3-5-0-0-1-1||12000|
198|198||3-5-0-0-1-1||521360|
199|199||3-5-0-0-1-1||12420|
200|200||3-5-0-0-1-1||12320|
