1|1||3-5-0-0-1-1||187460|
2|2||3-5-0-0-1-1||299800|
3|3||3-5-0-0-1-1||1274900|
4|4||3-5-0-0-1-1||297300|
5|5||3-5-0-0-1-1||145600|
6|6||3-5-0-0-1-1||96320|
7|7||3-5-0-0-1-1||220100|
8|8||3-5-0-0-1-1||101000|
9|9||3-5-0-0-1-1||11340|
10|10||3-5-0-0-1-1||12300|
11|11||3-5-0-0-1-1||924480|
12|12||3-5-0-0-1-1||12320|
13|13||3-5-0-0-1-1||6600|
14|14||3-5-0-0-1-1||24640|
15|15||3-5-0-0-1-1||24640|
16|16||3-5-0-0-1-1||50940|
17|17||3-5-0-0-1-1||309500|
18|18||3-5-0-0-1-1||12300|
19|19||3-5-0-0-1-1||2238800|
20|20||3-5-0-0-1-1||20000|
21|21||3-5-0-0-1-1||16700|
22|22||3-5-0-0-1-1||701700|
23|23||3-5-0-0-1-1||56400|
24|24||3-5-0-0-1-1||420|
25|25||3-5-0-0-1-1||15520|
26|26||3-5-0-0-1-1||13400|
27|27||3-5-0-0-1-1||174000|
28|28||3-5-0-0-1-1||165200|
29|29||3-5-0-0-1-1||120100|
30|30||3-5-0-0-1-1||1072900|
31|31||3-5-0-0-1-1||12320|
32|32||3-5-0-0-1-1||455100|
33|33||3-5-0-0-1-1||19420|
34|34||3-5-0-0-1-1||603500|
35|35||3-5-0-0-1-1||332900|
36|36||3-5-0-0-1-1||128040|
37|37||3-5-0-0-1-1||6200|
38|38||3-5-0-0-1-1||83600|
39|39||3-5-0-0-1-1||8100|
40|40||3-5-0-0-1-1||53100|
41|41||3-5-0-0-1-1||388900|
42|42||3-5-0-0-1-1||6000|
43|43||3-5-0-0-1-1||778100|
44|44||3-5-0-0-1-1||214700|
45|45||3-5-0-0-1-1||14100|
46|46||3-5-0-0-1-1||9035|
47|47||3-5-0-0-1-1||159400|
48|48||3-5-0-0-1-1||12320|
49|49||3-5-0-0-1-1||50000|
50|50||3-5-0-0-1-1||213340|
51|51||3-5-0-0-1-1||12320|
52|52||3-5-0-0-1-1||12320|
53|53||3-5-0-0-1-1||12420|
54|54||3-5-0-0-1-1||162400|
55|55||3-5-0-0-1-1||1285446|
56|56||3-5-0-0-1-1||12720|
57|57||3-5-0-0-1-1||76500|
58|58||3-5-0-0-1-1||13500|
59|59||3-5-0-0-1-1||24640|
60|60||3-5-0-0-1-1||12320|
61|61||3-5-0-0-1-1||13320|
62|62||3-5-0-0-1-1||12320|
63|63||3-5-0-0-1-1||12720|
64|64||3-5-0-0-1-1||51120|
65|65||3-5-0-0-1-1||12300|
66|66||3-5-0-0-1-1||11900|
67|67||3-5-0-0-1-1||5800|
68|68||3-5-0-0-1-1||380300|
69|69||3-5-0-0-1-1||12320|
70|70||3-5-0-0-1-1||12320|
71|71||3-5-0-0-1-1||420|
72|72||3-5-0-0-1-1||12320|
73|73||3-5-0-0-1-1||12320|
74|74||3-5-0-0-1-1||12320|
75|75||3-5-0-0-1-1||49480|
76|76||3-5-0-0-1-1||10700|
77|77||3-5-0-0-1-1||19800|
78|78||3-5-0-0-1-1||1376200|
79|79||3-5-0-0-1-1||12320|
80|80||3-5-0-0-1-1||12620|
81|81||3-5-0-0-1-1||2190|
82|82||3-5-0-0-1-1||351400|
83|83||3-5-0-0-1-1||24000|
84|84||3-5-0-0-1-1||12320|
85|85||3-5-0-0-1-1||12320|
86|86||3-5-0-0-1-1||12320|
87|87||3-5-0-0-1-1||16200|
88|88||3-5-0-0-1-1||12600|
89|89||3-5-0-0-1-1||12320|
90|90||3-5-0-0-1-1||66800|
91|91||3-5-0-0-1-1||12620|
92|92||3-5-0-0-1-1||12400|
93|93||3-5-0-0-1-1||4928|
94|94||3-5-0-0-1-1||176360|
95|95||3-5-0-0-1-1||12320|
96|96||3-5-0-0-1-1||18100|
97|97||3-5-0-0-1-1||24740|
98|98||3-5-0-0-1-1||12320|
99|99||3-5-0-0-1-1||1007600|
100|100||3-5-0-0-1-1||3100|
101|101||3-5-0-0-1-1||12920|
102|102||3-5-0-0-1-1||136600|
103|103||3-5-0-0-1-1||11340|
104|104||3-5-0-0-1-1||38060|
105|105||3-5-0-0-1-1||129500|
106|106||3-5-0-0-1-1||359740|
107|107||3-5-0-0-1-1||314700|
108|108||3-5-0-0-1-1||246400|
109|109||3-5-0-0-1-1||25600|
110|110||3-5-0-0-1-1||12420|
111|111||3-5-0-0-1-1||336000|
112|112||3-5-0-0-1-1||64760|
113|113||3-5-0-0-1-1||24640|
114|114||3-5-0-0-1-1||12300|
115|115||3-5-0-0-1-1||345720|
116|116||3-5-0-0-1-1||131700|
117|117||3-5-0-0-1-1||158900|
118|118||3-5-0-0-1-1||161200|
119|119||3-5-0-0-1-1||56120|
120|120||3-5-0-0-1-1||163400|
121|121||3-5-0-0-1-1||24640|
122|122||3-5-0-0-1-1||129300|
123|123||3-5-0-0-1-1||79240|
124|124||3-5-0-0-1-1||119520|
125|125||3-5-0-0-1-1||49400|
126|126||3-5-0-0-1-1||55000|
127|127||3-5-0-0-1-1||52320|
128|128||3-5-0-0-1-1||104560|
129|129||3-5-0-0-1-1||12320|
130|130||3-5-0-0-1-1||28600|
131|131||3-5-0-0-1-1||1980400|
132|132||3-5-0-0-1-1||868000|
133|133||3-5-0-0-1-1||24700|
134|134||3-5-0-0-1-1||12500|
135|135||3-5-0-0-1-1||73800|
136|136||3-5-0-0-1-1||6638600|
137|137||3-5-0-0-1-1||154500|
138|138||3-5-0-0-1-1||202400|
139|139||3-5-0-0-1-1||297100|
140|140||3-5-0-0-1-1||131100|
141|141||3-5-0-0-1-1||188890|
142|142||3-5-0-0-1-1||234100|
143|143||3-5-0-0-1-1||161100|
144|144||3-5-0-0-1-1||3220600|
145|145||3-5-0-0-1-1||400|
146|146||3-5-0-0-1-1||12320|
147|147||3-5-0-0-1-1||12420|
148|148||3-5-0-0-1-1||12400|
149|149||3-5-0-0-1-1||115100|
150|150||3-5-0-0-1-1||74484|
151|151||3-5-0-0-1-1||49680|
152|152||3-5-0-0-1-1||12320|
153|153||3-5-0-0-1-1||36960|
154|154||3-5-0-0-1-1||86240|
155|155||3-5-0-0-1-1||12320|
156|156||3-5-0-0-1-1||13560|
157|157||3-5-0-0-1-1||12321|
158|158||3-5-0-0-1-1||8223|
159|159||3-5-0-0-1-1||12320|
160|160||3-5-0-0-1-1||80300|
161|161||3-5-0-0-1-1||12320|
162|162||3-5-0-0-1-1||1329|
163|163||3-5-0-0-1-1||12320|
164|164||3-5-0-0-1-1||39340|
165|165||3-5-0-0-1-1||12320|
166|166||3-5-0-0-1-1||12320|
167|167||3-5-0-0-1-1||98100|
168|168||3-5-0-0-1-1||126860|
169|169||3-5-0-0-1-1||12320|
170|170||3-5-0-0-1-1||16000|
171|171||3-5-0-0-1-1||61900|
172|172||3-5-0-0-1-1||49280|
173|173||3-5-0-0-1-1||62100|
174|174||3-5-0-0-1-1||12320|
175|175||3-5-0-0-1-1||132500|
176|176||3-5-0-0-1-1||42520|
177|177||3-5-0-0-1-1||21260|
178|178||3-5-0-0-1-1||233700|
179|179||3-5-0-0-1-1||12320|
180|180||3-5-0-0-1-1||2900|
181|181||3-5-0-0-1-1||12320|
182|182||3-5-0-0-1-1||27860|
183|183||3-5-0-0-1-1||12320|
184|184||3-5-0-0-1-1||12620|
185|185||3-5-0-0-1-1||12320|
186|186||3-5-0-0-1-1||24640|
187|187||3-5-0-0-1-1||12320|
188|188||3-5-0-0-1-1||6200|
189|189||3-5-0-0-1-1||12620|
190|190||3-5-0-0-1-1||150760|
191|191||3-5-0-0-1-1||12320|
192|192||3-5-0-0-1-1||12320|
193|193||3-5-0-0-1-1||344320|
194|194||3-5-0-0-1-1||59547|
195|195||3-5-0-0-1-1||12720|
196|196||3-5-0-0-1-1||840|
197|197||3-5-0-0-1-1||31100|
198|198||3-5-0-0-1-1||10340|
199|199||3-5-0-0-1-1||12320|
200|200||3-5-0-0-1-1||18020|
