1|1||3-5-0-0-1-1||777800|
2|2||3-5-0-0-1-1||398300|
3|3||3-5-0-0-1-1||73920|
4|4||3-5-0-0-1-1||5000|
5|5||3-5-0-0-1-1||131000|
6|6||3-5-0-0-1-1||24640|
7|7||3-5-0-0-1-1||12320|
8|8||3-5-0-0-1-1||3100|
9|9||3-5-0-0-1-1||12320|
10|10||3-5-0-0-1-1||72520|
11|11||3-5-0-0-1-1||37540|
12|12||3-5-0-0-1-1||12320|
13|13||3-5-0-0-1-1||279420|
14|14||3-5-0-0-1-1||12320|
15|15||3-5-0-0-1-1||12320|
16|16||3-5-0-0-1-1||12320|
17|17||3-5-0-0-1-1||49280|
18|18||3-5-0-0-1-1||12320|
19|19||3-5-0-0-1-1||12320|
20|20||3-5-0-0-1-1||12320|
21|21||3-5-0-0-1-1||130000|
22|22||3-5-0-0-1-1||12320|
23|23||3-5-0-0-1-1||12500|
24|24||3-5-0-0-1-1||172200|
25|25||3-5-0-0-1-1||167900|
26|26||3-5-0-0-1-1||38840|
27|27||3-5-0-0-1-1||12320|
28|28||3-5-0-0-1-1||12320|
29|29||3-5-0-0-1-1||12320|
30|30||3-5-0-0-1-1||36960|
31|31||3-5-0-0-1-1||232436|
32|32||3-5-0-0-1-1||12620|
33|33||3-5-0-0-1-1||12320|
34|34||3-5-0-0-1-1||49480|
35|35||3-5-0-0-1-1||12320|
36|36||3-5-0-0-1-1||37060|
37|37||3-5-0-0-1-1||12320|
38|38||3-5-0-0-1-1||12320|
39|39||3-5-0-0-1-1||210800|
40|40||3-5-0-0-1-1||415500|
41|41||3-5-0-0-1-1||589074|
42|42||3-5-0-0-1-1||112100|
43|43||3-5-0-0-1-1||14000|
44|44||3-5-0-0-1-1||4171000|
45|45||3-5-0-0-1-1||202800|
46|46||3-5-0-0-1-1||341100|
47|47||3-5-0-0-1-1||411320|
48|48||3-5-0-0-1-1||152100|
49|49||3-5-0-0-1-1||12320|
50|50||3-5-0-0-1-1||12320|
51|51||3-5-0-0-1-1||494400|
52|52||3-5-0-0-1-1||12320|
53|53||3-5-0-0-1-1||347660|
54|54||3-5-0-0-1-1||126300|
55|55||3-5-0-0-1-1||822|
56|56||3-5-0-0-1-1||669600|
57|57||3-5-0-0-1-1||205550|
58|58||3-5-0-0-1-1||24740|
59|59||3-5-0-0-1-1||41000|
60|60||3-5-0-0-1-1||660000|
61|61||3-5-0-0-1-1||681600|
62|62||3-5-0-0-1-1||12320|
63|63||3-5-0-0-1-1||381500|
64|64||3-5-0-0-1-1||336900|
65|65||3-5-0-0-1-1||22500|
66|66||3-5-0-0-1-1||393300|
67|67||3-5-0-0-1-1||414800|
68|68||3-5-0-0-1-1||49560|
69|69||3-5-0-0-1-1||12320|
70|70||3-5-0-0-1-1||231000|
71|71||3-5-0-0-1-1||150100|
72|72||3-5-0-0-1-1||234130|
73|73||3-5-0-0-1-1||640260|
74|74||3-5-0-0-1-1||783600|
75|75||3-5-0-0-1-1||1786520|
76|76||3-5-0-0-1-1||29340|
77|77||3-5-0-0-1-1||117100|
78|78||3-5-0-0-1-1||761000|
79|79||3-5-0-0-1-1||476660|
80|80||3-5-0-0-1-1||24640|
81|81||3-5-0-0-1-1||137200|
82|82||3-5-0-0-1-1||162300|
83|83||3-5-0-0-1-1||2100|
84|84||3-5-0-0-1-1||168500|
85|85||3-5-0-0-1-1||12320|
86|86||3-5-0-0-1-1||12320|
87|87||3-5-0-0-1-1||24640|
88|88||3-5-0-0-1-1||708000|
89|89||3-5-0-0-1-1||20000|
90|90||3-5-0-0-1-1||40200|
91|91||3-5-0-0-1-1||12320|
92|92||3-5-0-0-1-1||111300|
93|93||3-5-0-0-1-1||25880|
94|94||3-5-0-0-1-1||12320|
95|95||3-5-0-0-1-1||112100|
96|96||3-5-0-0-1-1||25320|
97|97||3-5-0-0-1-1||307100|
98|98||3-5-0-0-1-1||295300|
99|99||3-5-0-0-1-1||15997|
100|100||3-5-0-0-1-1||160000|
101|101||3-5-0-0-1-1||8624|
102|102||3-5-0-0-1-1||5800|
103|103||3-5-0-0-1-1||5800|
104|104||3-5-0-0-1-1||18300|
105|105||3-5-0-0-1-1||5800|
106|106||3-5-0-0-1-1||5700|
107|107||3-5-0-0-1-1||5800|
108|108||3-5-0-0-1-1||148440|
109|109||3-5-0-0-1-1||153100|
110|110||3-5-0-0-1-1||32320|
111|111||3-5-0-0-1-1||12320|
112|112||3-5-0-0-1-1||12620|
113|113||3-5-0-0-1-1||11340|
114|114||3-5-0-0-1-1||24840|
115|115||3-5-0-0-1-1||24640|
116|116||3-5-0-0-1-1||12320|
117|117||3-5-0-0-1-1||31263|
118|118||3-5-0-0-1-1||70224|
119|119||3-5-0-0-1-1||12320|
120|120||3-5-0-0-1-1||24640|
121|121||3-5-0-0-1-1||1562660|
122|122||3-5-0-0-1-1||422100|
123|123||3-5-0-0-1-1||3100|
124|124||3-5-0-0-1-1||12400|
125|125||3-5-0-0-1-1||12500|
126|126||3-5-0-0-1-1||420|
127|127||3-5-0-0-1-1||252200|
128|128||3-5-0-0-1-1||12420|
129|129||3-5-0-0-1-1||46820|
130|130||3-5-0-0-1-1||4100|
131|131||3-5-0-0-1-1||12320|
132|132||3-5-0-0-1-1||24640|
133|133||3-5-0-0-1-1||22680|
134|134||3-5-0-0-1-1||24640|
135|135||3-5-0-0-1-1||16700|
136|136||3-5-0-0-1-1||12320|
137|137||3-5-0-0-1-1||64200|
138|138||3-5-0-0-1-1||468100|
139|139||3-5-0-0-1-1||12620|
140|140||3-5-0-0-1-1||126000|
141|141||3-5-0-0-1-1||28420|
142|142||3-5-0-0-1-1||21360|
143|143||3-5-0-0-1-1||29400|
144|144||3-5-0-0-1-1||12320|
145|145||3-5-0-0-1-1||10720|
146|146||3-5-0-0-1-1||12320|
147|147||3-5-0-0-1-1||69320|
148|148||3-5-0-0-1-1||24840|
149|149||3-5-0-0-1-1||23040|
150|150||3-5-0-0-1-1||12320|
151|151||3-5-0-0-1-1||24800|
152|152||3-5-0-0-1-1||67520|
153|153||3-5-0-0-1-1||60800|
154|154||3-5-0-0-1-1||61500|
155|155||3-5-0-0-1-1||12320|
156|156||3-5-0-0-1-1||24640|
157|157||3-5-0-0-1-1||114420|
158|158||3-5-0-0-1-1||140000|
159|159||3-5-0-0-1-1||12320|
160|160||3-5-0-0-1-1||752780|
161|161||3-5-0-0-1-1||36900|
162|162||3-5-0-0-1-1||12320|
163|163||3-5-0-0-1-1||113400|
164|164||3-5-0-0-1-1||12420|
165|165||3-5-0-0-1-1||564520|
166|166||3-5-0-0-1-1||306681|
167|167||3-5-0-0-1-1||24740|
168|168||3-5-0-0-1-1||27700|
169|169||3-5-0-0-1-1||69700|
170|170||3-5-0-0-1-1||12320|
171|171||3-5-0-0-1-1||1227500|
172|172||3-5-0-0-1-1||12320|
173|173||3-5-0-0-1-1||138200|
174|174||3-5-0-0-1-1||593800|
175|175||3-5-0-0-1-1||122600|
176|176||3-5-0-0-1-1||11100|
177|177||3-5-0-0-1-1||230800|
178|178||3-5-0-0-1-1||12320|
179|179||3-5-0-0-1-1||49280|
180|180||3-5-0-0-1-1||12320|
181|181||3-5-0-0-1-1||75100|
182|182||3-5-0-0-1-1||12320|
183|183||3-5-0-0-1-1||24800|
184|184||3-5-0-0-1-1||154000|
185|185||3-5-0-0-1-1||120000|
186|186||3-5-0-0-1-1||168000|
187|187||3-5-0-0-1-1||420|
188|188||3-5-0-0-1-1||12620|
189|189||3-5-0-0-1-1||12320|
190|190||3-5-0-0-1-1||297900|
191|191||3-5-0-0-1-1||28562|
192|192||3-5-0-0-1-1||112620|
193|193||3-5-0-0-1-1||2984100|
194|194||3-5-0-0-1-1||1558100|
195|195||3-5-0-0-1-1||12320|
196|196||3-5-0-0-1-1||12320|
197|197||3-5-0-0-1-1||24640|
198|198||3-5-0-0-1-1||46320|
199|199||3-5-0-0-1-1||12620|
200|200||3-5-0-0-1-1||24640|
