1|1||3-5-0-0-1-1||1311840|
2|2||3-5-0-0-1-1||162600|
3|3||3-5-0-0-1-1||44520|
4|4||3-5-0-0-1-1||340100|
5|5||3-5-0-0-1-1||57000|
6|6||3-5-0-0-1-1||58500|
7|7||3-5-0-0-1-1||420|
8|8||3-5-0-0-1-1||48970|
9|9||3-5-0-0-1-1||12320|
10|10||3-5-0-0-1-1||280000|
11|11||3-5-0-0-1-1||46000|
12|12||3-5-0-0-1-1||168286|
13|13||3-5-0-0-1-1||63580|
14|14||3-5-0-0-1-1||266400|
15|15||3-5-0-0-1-1||258700|
16|16||3-5-0-0-1-1||400|
17|17||3-5-0-0-1-1||308640|
18|18||3-5-0-0-1-1||43000|
19|19||3-5-0-0-1-1||67320|
20|20||3-5-0-0-1-1||41000|
21|21||3-5-0-0-1-1||259500|
22|22||3-5-0-0-1-1||6500|
23|23||3-5-0-0-1-1||122296875|
24|24||3-5-0-0-1-1||21600600|
25|25||3-5-0-0-1-1||11760980|
26|26||3-5-0-0-1-1||3217157|
27|27||3-5-0-0-1-1||34000|
28|28||3-5-0-0-1-1||20000|
29|29||3-5-0-0-1-1||20000|
30|30||3-5-0-0-1-1||39540|
31|31||3-5-0-0-1-1||28318200|
32|32||3-5-0-0-1-1||41200|
33|33||3-5-0-0-1-1||69240|
34|34||3-5-0-0-1-1||1112100|
35|35||3-5-0-0-1-1||16712800|
36|36||3-5-0-0-1-1||12320|
37|37||3-5-0-0-1-1||12320|
38|38||3-5-0-0-1-1||1200|
39|39||3-5-0-0-1-1||12320|
40|40||3-5-0-0-1-1||12320|
41|41||3-5-0-0-1-1||41144|
42|42||3-5-0-0-1-1||24740|
43|43||3-5-0-0-1-1||24640|
44|44||3-5-0-0-1-1||137200|
45|45||3-5-0-0-1-1||12320|
46|46||3-5-0-0-1-1||12400|
47|47||3-5-0-0-1-1||24700|
48|48||3-5-0-0-1-1||12320|
49|49||3-5-0-0-1-1||12320|
50|50||3-5-0-0-1-1||42620|
51|51||3-5-0-0-1-1||12320|
52|52||3-5-0-0-1-1||9494800|
53|53||3-5-0-0-1-1||36960|
54|54||3-5-0-0-1-1||12320|
55|55||3-5-0-0-1-1||12320|
56|56||3-5-0-0-1-1||129700|
57|57||3-5-0-0-1-1||80000|
58|58||3-5-0-0-1-1||140000|
59|59||3-5-0-0-1-1||12420|
60|60||3-5-0-0-1-1||24640|
61|61||3-5-0-0-1-1||24640|
62|62||3-5-0-0-1-1||24640|
63|63||3-5-0-0-1-1||24740|
64|64||3-5-0-0-1-1||247300|
65|65||3-5-0-0-1-1||36120|
66|66||3-5-0-0-1-1||66100|
67|67||3-5-0-0-1-1||15900|
68|68||3-5-0-0-1-1||12320|
69|69||3-5-0-0-1-1||12320|
70|70||3-5-0-0-1-1||92200|
71|71||3-5-0-0-1-1||93540|
72|72||3-5-0-0-1-1||49480|
73|73||3-5-0-0-1-1||6200|
74|74||3-5-0-0-1-1||49240|
75|75||3-5-0-0-1-1||327940|
76|76||3-5-0-0-1-1||140800|
77|77||3-5-0-0-1-1||2160|
78|78||3-5-0-0-1-1||12320|
79|79||3-5-0-0-1-1||8000|
80|80||3-5-0-0-1-1||7800|
81|81||3-5-0-0-1-1||12320|
82|82||3-5-0-0-1-1||292063|
83|83||3-5-0-0-1-1||12320|
84|84||3-5-0-0-1-1||18480|
85|85||3-5-0-0-1-1||12320|
86|86||3-5-0-0-1-1||12320|
87|87||3-5-0-0-1-1||12320|
88|88||3-5-0-0-1-1||26700|
89|89||3-5-0-0-1-1||12420|
90|90||3-5-0-0-1-1||18670|
91|91||3-5-0-0-1-1||18600|
92|92||3-5-0-0-1-1||3080|
93|93||3-5-0-0-1-1||411|
94|94||3-5-0-0-1-1||12320|
95|95||3-5-0-0-1-1||140000|
96|96||3-5-0-0-1-1||105447|
97|97||3-5-0-0-1-1||25040|
98|98||3-5-0-0-1-1||199641|
99|99||3-5-0-0-1-1||12320|
100|100||3-5-0-0-1-1||49280|
101|101||3-5-0-0-1-1||12320|
102|102||3-5-0-0-1-1||3300|
103|103||3-5-0-0-1-1||628900|
104|104||3-5-0-0-1-1||29300|
105|105||3-5-0-0-1-1||17000|
106|106||3-5-0-0-1-1||17500|
107|107||3-5-0-0-1-1||107800|
108|108||3-5-0-0-1-1||150100|
109|109||3-5-0-0-1-1||6200|
110|110||3-5-0-0-1-1||6400|
111|111||3-5-0-0-1-1||12320|
112|112||3-5-0-0-1-1||14000|
113|113||3-5-0-0-1-1||1300|
114|114||3-5-0-0-1-1||6200|
115|115||3-5-0-0-1-1||12420|
116|116||3-5-0-0-1-1||25000|
117|117||3-5-0-0-1-1||6160|
118|118||3-5-0-0-1-1||6200|
119|119||3-5-0-0-1-1||12320|
120|120||3-5-0-0-1-1||36960|
121|121||3-5-0-0-1-1||96940|
122|122||3-5-0-0-1-1||12320|
123|123||3-5-0-0-1-1||25060|
124|124||3-5-0-0-1-1||3080|
125|125||3-5-0-0-1-1||162700|
126|126||3-5-0-0-1-1||160000|
127|127||3-5-0-0-1-1||870700|
128|128||3-5-0-0-1-1||12320|
129|129||3-5-0-0-1-1||202600|
130|130||3-5-0-0-1-1||200000|
131|131||3-5-0-0-1-1||36960|
132|132||3-5-0-0-1-1||1086400|
133|133||3-5-0-0-1-1||600000|
134|134||3-5-0-0-1-1||1788600|
135|135||3-5-0-0-1-1||132000|
136|136||3-5-0-0-1-1||12400|
137|137||3-5-0-0-1-1||12320|
138|138||3-5-0-0-1-1||12320|
139|139||3-5-0-0-1-1||6200|
140|140||3-5-0-0-1-1||24640|
141|141||3-5-0-0-1-1||12900|
142|142||3-5-0-0-1-1||77820|
143|143||3-5-0-0-1-1||113020|
144|144||3-5-0-0-1-1||92300|
145|145||3-5-0-0-1-1||280100|
146|146||3-5-0-0-1-1||86100|
147|147||3-5-0-0-1-1||148260|
148|148||3-5-0-0-1-1||12320|
149|149||3-5-0-0-1-1||36960|
150|150||3-5-0-0-1-1||12420|
151|151||3-5-0-0-1-1||24640|
152|152||3-5-0-0-1-1||12740|
153|153||3-5-0-0-1-1||149900|
154|154||3-5-0-0-1-1||12420|
155|155||3-5-0-0-1-1||24700|
156|156||3-5-0-0-1-1||1740|
157|157||3-5-0-0-1-1||12320|
158|158||3-5-0-0-1-1||12320|
159|159||3-5-0-0-1-1||49280|
160|160||3-5-0-0-1-1||36960|
161|161||3-5-0-0-1-1||36960|
162|162||3-5-0-0-1-1||365900|
163|163||3-5-0-0-1-1||140000|
164|164||3-5-0-0-1-1||12420|
165|165||3-5-0-0-1-1||42640|
166|166||3-5-0-0-1-1||12320|
167|167||3-5-0-0-1-1||33400|
168|168||3-5-0-0-1-1||12420|
169|169||3-5-0-0-1-1||12420|
170|170||3-5-0-0-1-1||24740|
171|171||3-5-0-0-1-1||12320|
172|172||3-5-0-0-1-1||12320|
173|173||3-5-0-0-1-1||12320|
174|174||3-5-0-0-1-1||42840|
175|175||3-5-0-0-1-1||14400|
176|176||3-5-0-0-1-1||27940|
177|177||3-5-0-0-1-1||24740|
178|178||3-5-0-0-1-1||82620|
179|179||3-5-0-0-1-1||12320|
180|180||3-5-0-0-1-1||12320|
181|181||3-5-0-0-1-1||12320|
182|182||3-5-0-0-1-1||8292100|
183|183||3-5-0-0-1-1||12320|
184|184||3-5-0-0-1-1||48400|
185|185||3-5-0-0-1-1||240300|
186|186||3-5-0-0-1-1||284500|
187|187||3-5-0-0-1-1||24640|
188|188||3-5-0-0-1-1||320200|
189|189||3-5-0-0-1-1||33780|
190|190||3-5-0-0-1-1||49280|
191|191||3-5-0-0-1-1||112100|
192|192||3-5-0-0-1-1||3100|
193|193||3-5-0-0-1-1||200000|
194|194||3-5-0-0-1-1||313500|
195|195||3-5-0-0-1-1||49380|
196|196||3-5-0-0-1-1||25740|
197|197||3-5-0-0-1-1||13190|
198|198||3-5-0-0-1-1||12890|
199|199||3-5-0-0-1-1||25180|
200|200||3-5-0-0-1-1||13390|
