1|1||3-5-0-0-1-1||47660|
2|2||3-5-0-0-1-1||49280|
3|3||3-5-0-0-1-1||24740|
4|4||3-5-0-0-1-1||51320|
5|5||3-5-0-0-1-1||12320|
6|6||3-5-0-0-1-1||13780|
7|7||3-5-0-0-1-1||24740|
8|8||3-5-0-0-1-1||12320|
9|9||3-5-0-0-1-1||13600|
10|10||3-5-0-0-1-1||37060|
11|11||3-5-0-0-1-1||12320|
12|12||3-5-0-0-1-1||15000|
13|13||3-5-0-0-1-1||407800|
14|14||3-5-0-0-1-1||12320|
15|15||3-5-0-0-1-1||137600|
16|16||3-5-0-0-1-1||36960|
17|17||3-5-0-0-1-1||296000|
18|18||3-5-0-0-1-1||24800|
19|19||3-5-0-0-1-1||25400|
20|20||3-5-0-0-1-1||86000|
21|21||3-5-0-0-1-1||17100|
22|22||3-5-0-0-1-1||12420|
23|23||3-5-0-0-1-1||14000|
24|24||3-5-0-0-1-1||50640|
25|25||3-5-0-0-1-1||73920|
26|26||3-5-0-0-1-1||49280|
27|27||3-5-0-0-1-1||30800|
28|28||3-5-0-0-1-1||1240|
29|29||3-5-0-0-1-1||12320|
30|30||3-5-0-0-1-1||12320|
31|31||3-5-0-0-1-1||12300|
32|32||3-5-0-0-1-1||479400|
33|33||3-5-0-0-1-1||84340|
34|34||3-5-0-0-1-1||553400|
35|35||3-5-0-0-1-1||18337220|
36|36||3-5-0-0-1-1||34859420|
37|37||3-5-0-0-1-1||4000|
38|38||3-5-0-0-1-1||12320|
39|39||3-5-0-0-1-1||237190|
40|40||3-5-0-0-1-1||12320|
41|41||3-5-0-0-1-1||12320|
42|42||3-5-0-0-1-1||19900|
43|43||3-5-0-0-1-1||210000|
44|44||3-5-0-0-1-1||838260|
45|45||3-5-0-0-1-1||33600|
46|46||3-5-0-0-1-1||17000|
47|47||3-5-0-0-1-1||37040|
48|48||3-5-0-0-1-1||24640|
49|49||3-5-0-0-1-1||144600|
50|50||3-5-0-0-1-1||95100|
51|51||3-5-0-0-1-1||76100|
52|52||3-5-0-0-1-1||32200|
53|53||3-5-0-0-1-1||21500|
54|54||3-5-0-0-1-1||71500|
55|55||3-5-0-0-1-1||82800|
56|56||3-5-0-0-1-1||34400|
57|57||3-5-0-0-1-1||22700|
58|58||3-5-0-0-1-1||32900|
59|59||3-5-0-0-1-1||34800|
60|60||3-5-0-0-1-1||35200|
61|61||3-5-0-0-1-1||81200|
62|62||3-5-0-0-1-1||36100|
63|63||3-5-0-0-1-1||40800|
64|64||3-5-0-0-1-1||37800|
65|65||3-5-0-0-1-1||21900|
66|66||3-5-0-0-1-1||48600|
67|67||3-5-0-0-1-1||53100|
68|68||3-5-0-0-1-1||24640|
69|69||3-5-0-0-1-1||17023700|
70|70||3-5-0-0-1-1||12320|
71|71||3-5-0-0-1-1||20000|
72|72||3-5-0-0-1-1||2518540|
73|73||3-5-0-0-1-1||3968300|
74|74||3-5-0-0-1-1||12300|
75|75||3-5-0-0-1-1||37060|
76|76||3-5-0-0-1-1||37960|
77|77||3-5-0-0-1-1||61500|
78|78||3-5-0-0-1-1||36960|
79|79||3-5-0-0-1-1||63442|
80|80||3-5-0-0-1-1||12320|
81|81||3-5-0-0-1-1||12320|
82|82||3-5-0-0-1-1||24640|
83|83||3-5-0-0-1-1||24740|
84|84||3-5-0-0-1-1||24740|
85|85||3-5-0-0-1-1||10820|
86|86||3-5-0-0-1-1||12320|
87|87||3-5-0-0-1-1||24640|
88|88||3-5-0-0-1-1||24640|
89|89||3-5-0-0-1-1||12320|
90|90||3-5-0-0-1-1||12420|
91|91||3-5-0-0-1-1||12420|
92|92||3-5-0-0-1-1||14000|
93|93||3-5-0-0-1-1||36960|
94|94||3-5-0-0-1-1||12320|
95|95||3-5-0-0-1-1||49240|
96|96||3-5-0-0-1-1||90500|
97|97||3-5-0-0-1-1||12420|
98|98||3-5-0-0-1-1||63289|
99|99||3-5-0-0-1-1||8102|
100|100||3-5-0-0-1-1||9900|
101|101||3-5-0-0-1-1||25200|
102|102||3-5-0-0-1-1||25040|
103|103||3-5-0-0-1-1||24640|
104|104||3-5-0-0-1-1||130500|
105|105||3-5-0-0-1-1||24640|
106|106||3-5-0-0-1-1||264540|
107|107||3-5-0-0-1-1||52000|
108|108||3-5-0-0-1-1||12420|
109|109||3-5-0-0-1-1||7745|
110|110||3-5-0-0-1-1||61600|
111|111||3-5-0-0-1-1||24640|
112|112||3-5-0-0-1-1||12320|
113|113||3-5-0-0-1-1||12320|
114|114||3-5-0-0-1-1||24740|
115|115||3-5-0-0-1-1||12400|
116|116||3-5-0-0-1-1||14000|
117|117||3-5-0-0-1-1||234309|
118|118||3-5-0-0-1-1||24640|
119|119||3-5-0-0-1-1||50880|
120|120||3-5-0-0-1-1||49680|
121|121||3-5-0-0-1-1||1130|
122|122||3-5-0-0-1-1||61500|
123|123||3-5-0-0-1-1||13100|
124|124||3-5-0-0-1-1||27120|
125|125||3-5-0-0-1-1||12320|
126|126||3-5-0-0-1-1||12320|
127|127||3-5-0-0-1-1||12620|
128|128||3-5-0-0-1-1||12320|
129|129||3-5-0-0-1-1||3080|
130|130||3-5-0-0-1-1||8624|
131|131||3-5-0-0-1-1||840560|
132|132||3-5-0-0-1-1||257860|
133|133||3-5-0-0-1-1||1170380|
134|134||3-5-0-0-1-1||12400|
135|135||3-5-0-0-1-1||292000|
136|136||3-5-0-0-1-1||472300|
137|137||3-5-0-0-1-1||39600|
138|138||3-5-0-0-1-1||12400|
139|139||3-5-0-0-1-1||18000|
140|140||3-5-0-0-1-1||12620|
141|141||3-5-0-0-1-1||216700|
142|142||3-5-0-0-1-1||1672600|
143|143||3-5-0-0-1-1||175200|
144|144||3-5-0-0-1-1||160200|
145|145||3-5-0-0-1-1||25020|
146|146||3-5-0-0-1-1||50100|
147|147||3-5-0-0-1-1||20770|
148|148||3-5-0-0-1-1||49280|
149|149||3-5-0-0-1-1||43900|
150|150||3-5-0-0-1-1||10400|
151|151||3-5-0-0-1-1||16404060|
152|152||3-5-0-0-1-1||374200|
153|153||3-5-0-0-1-1||450580|
154|154||3-5-0-0-1-1||19500|
155|155||3-5-0-0-1-1||32400|
156|156||3-5-0-0-1-1||24700|
157|157||3-5-0-0-1-1||12420|
158|158||3-5-0-0-1-1||12720|
159|159||3-5-0-0-1-1||314720|
160|160||3-5-0-0-1-1||160000|
161|161||3-5-0-0-1-1||16500|
162|162||3-5-0-0-1-1||37260|
163|163||3-5-0-0-1-1||112300|
164|164||3-5-0-0-1-1||13660|
165|165||3-5-0-0-1-1||139260|
166|166||3-5-0-0-1-1||984900|
167|167||3-5-0-0-1-1||6200|
168|168||3-5-0-0-1-1||12320|
169|169||3-5-0-0-1-1||125200|
170|170||3-5-0-0-1-1||220560|
171|171||3-5-0-0-1-1||33500|
172|172||3-5-0-0-1-1||11340|
173|173||3-5-0-0-1-1||288400|
174|174||3-5-0-0-1-1||16000|
175|175||3-5-0-0-1-1||16000|
176|176||3-5-0-0-1-1||60420|
177|177||3-5-0-0-1-1||12320|
178|178||3-5-0-0-1-1||124000|
179|179||3-5-0-0-1-1||144200|
180|180||3-5-0-0-1-1||12320|
181|181||3-5-0-0-1-1||6300|
182|182||3-5-0-0-1-1||4822900|
183|183||3-5-0-0-1-1||12320|
184|184||3-5-0-0-1-1||12320|
185|185||3-5-0-0-1-1||12320|
186|186||3-5-0-0-1-1||1260|
187|187||3-5-0-0-1-1||1260|
188|188||3-5-0-0-1-1||1643|
189|189||3-5-0-0-1-1||49280|
190|190||3-5-0-0-1-1||34020|
191|191||3-5-0-0-1-1||822|
192|192||3-5-0-0-1-1||13660|
193|193||3-5-0-0-1-1||12400|
194|194||3-5-0-0-1-1||2520|
195|195||3-5-0-0-1-1||283360|
196|196||3-5-0-0-1-1||12320|
197|197||3-5-0-0-1-1||12320|
198|198||3-5-0-0-1-1||12500|
199|199||3-5-0-0-1-1||12320|
200|200||3-5-0-0-1-1||24640|
