1|1||3-5-0-0-1-1||9000|
2|2||3-5-0-0-1-1||12320|
3|3||3-5-0-0-1-1||12420|
4|4||3-5-0-0-1-1||12320|
5|5||3-5-0-0-1-1||14700|
6|6||3-5-0-0-1-1||7695|
7|7||3-5-0-0-1-1||24740|
8|8||3-5-0-0-1-1||30940|
9|9||3-5-0-0-1-1||336000|
10|10||3-5-0-0-1-1||12700|
11|11||3-5-0-0-1-1||14728080|
12|12||3-5-0-0-1-1||1619500|
13|13||3-5-0-0-1-1||40600|
14|14||3-5-0-0-1-1||24640|
15|15||3-5-0-0-1-1||33200|
16|16||3-5-0-0-1-1||2120|
17|17||3-5-0-0-1-1||1660758|
18|18||3-5-0-0-1-1||366550|
19|19||3-5-0-0-1-1||309360|
20|20||3-5-0-0-1-1||363866|
21|21||3-5-0-0-1-1||17600|
22|22||3-5-0-0-1-1||920539|
23|23||3-5-0-0-1-1||135520|
24|24||3-5-0-0-1-1||851420|
25|25||3-5-0-0-1-1||446180|
26|26||3-5-0-0-1-1||12320|
27|27||3-5-0-0-1-1||78100|
28|28||3-5-0-0-1-1||101700|
29|29||3-5-0-0-1-1||12300|
30|30||3-5-0-0-1-1||2143400|
31|31||3-5-0-0-1-1||503100|
32|32||3-5-0-0-1-1||1191400|
33|33||3-5-0-0-1-1||520190|
34|34||3-5-0-0-1-1||117520|
35|35||3-5-0-0-1-1||2260893|
36|36||3-5-0-0-1-1||1423040|
37|37||3-5-0-0-1-1||12320|
38|38||3-5-0-0-1-1||16938120|
39|39||3-5-0-0-1-1||149220|
40|40||3-5-0-0-1-1||84|
41|41||3-5-0-0-1-1||89000|
42|42||3-5-0-0-1-1||6114966|
43|43||3-5-0-0-1-1||74660|
44|44||3-5-0-0-1-1||377500|
45|45||3-5-0-0-1-1||32500|
46|46||3-5-0-0-1-1||199922|
47|47||3-5-0-0-1-1||49280|
48|48||3-5-0-0-1-1||200|
49|49||3-5-0-0-1-1||211500|
50|50||3-5-0-0-1-1||86660|
51|51||3-5-0-0-1-1||7092140|
52|52||3-5-0-0-1-1||61500|
53|53||3-5-0-0-1-1||104705000|
54|54||3-5-0-0-1-1||637520|
55|55||3-5-0-0-1-1||5200|
56|56||3-5-0-0-1-1||5449200|
57|57||3-5-0-0-1-1||1182760|
58|58||3-5-0-0-1-1||526920|
59|59||3-5-0-0-1-1||24640|
60|60||3-5-0-0-1-1||11611320|
61|61||3-5-0-0-1-1||3571940|
62|62||3-5-0-0-1-1||9270200|
63|63||3-5-0-0-1-1||13000|
64|64||3-5-0-0-1-1||430140|
65|65||3-5-0-0-1-1||24640|
66|66||3-5-0-0-1-1||16100|
67|67||3-5-0-0-1-1||233700|
68|68||3-5-0-0-1-1||244200|
69|69||3-5-0-0-1-1||239000|
70|70||3-5-0-0-1-1||12700|
71|71||3-5-0-0-1-1||12300|
72|72||3-5-0-0-1-1||12300|
73|73||3-5-0-0-1-1||12300|
74|74||3-5-0-0-1-1||12300|
75|75||3-5-0-0-1-1||49200|
76|76||3-5-0-0-1-1||18900|
77|77||3-5-0-0-1-1||12300|
78|78||3-5-0-0-1-1||11790|
79|79||3-5-0-0-1-1||12500|
80|80||3-5-0-0-1-1||12300|
81|81||3-5-0-0-1-1||12300|
82|82||3-5-0-0-1-1||12300|
83|83||3-5-0-0-1-1||2500|
84|84||3-5-0-0-1-1||12300|
85|85||3-5-0-0-1-1||24400|
86|86||3-5-0-0-1-1||12600|
87|87||3-5-0-0-1-1||14700|
88|88||3-5-0-0-1-1||12400|
89|89||3-5-0-0-1-1||12300|
90|90||3-5-0-0-1-1||12300|
91|91||3-5-0-0-1-1||24200|
92|92||3-5-0-0-1-1||36900|
93|93||3-5-0-0-1-1||43500|
94|94||3-5-0-0-1-1||26100|
95|95||3-5-0-0-1-1||13300|
96|96||3-5-0-0-1-1||10900|
97|97||3-5-0-0-1-1||12700|
98|98||3-5-0-0-1-1||30300|
99|99||3-5-0-0-1-1||12700|
100|100||3-5-0-0-1-1||12900|
101|101||3-5-0-0-1-1||12400|
102|102||3-5-0-0-1-1||12300|
103|103||3-5-0-0-1-1||24600|
104|104||3-5-0-0-1-1||12300|
105|105||3-5-0-0-1-1||24600|
106|106||3-5-0-0-1-1||12300|
107|107||3-5-0-0-1-1||865900|
108|108||3-5-0-0-1-1||12300|
109|109||3-5-0-0-1-1||3200|
110|110||3-5-0-0-1-1||6200|
111|111||3-5-0-0-1-1||12300|
112|112||3-5-0-0-1-1||36900|
113|113||3-5-0-0-1-1||37000|
114|114||3-5-0-0-1-1||16000|
115|115||3-5-0-0-1-1||23500|
116|116||3-5-0-0-1-1||36900|
117|117||3-5-0-0-1-1||49200|
118|118||3-5-0-0-1-1||12300|
119|119||3-5-0-0-1-1||12300|
120|120||3-5-0-0-1-1||25300|
121|121||3-5-0-0-1-1||800|
122|122||3-5-0-0-1-1||2100|
123|123||3-5-0-0-1-1||12300|
124|124||3-5-0-0-1-1||49200|
125|125||3-5-0-0-1-1||12400|
126|126||3-5-0-0-1-1||12300|
127|127||3-5-0-0-1-1||36900|
128|128||3-5-0-0-1-1||12300|
129|129||3-5-0-0-1-1||12300|
130|130||3-5-0-0-1-1||12320|
131|131||3-5-0-0-1-1||87100|
132|132||3-5-0-0-1-1||12320|
133|133||3-5-0-0-1-1||24640|
134|134||3-5-0-0-1-1||36960|
135|135||3-5-0-0-1-1||15100|
136|136||3-5-0-0-1-1||10000|
137|137||3-5-0-0-1-1||12720|
138|138||3-5-0-0-1-1||12320|
139|139||3-5-0-0-1-1||53487|
140|140||3-5-0-0-1-1||11640|
141|141||3-5-0-0-1-1||131200|
142|142||3-5-0-0-1-1||12320|
143|143||3-5-0-0-1-1||9300|
144|144||3-5-0-0-1-1||12320|
145|145||3-5-0-0-1-1||119094|
146|146||3-5-0-0-1-1||5224|
147|147||3-5-0-0-1-1||12320|
148|148||3-5-0-0-1-1||50200|
149|149||3-5-0-0-1-1||51500|
150|150||3-5-0-0-1-1||24640|
151|151||3-5-0-0-1-1||12320|
152|152||3-5-0-0-1-1||12320|
153|153||3-5-0-0-1-1||3000|
154|154||3-5-0-0-1-1||24640|
155|155||3-5-0-0-1-1||12320|
156|156||3-5-0-0-1-1||37160|
157|157||3-5-0-0-1-1||37160|
158|158||3-5-0-0-1-1||16000|
159|159||3-5-0-0-1-1||12320|
160|160||3-5-0-0-1-1||24200|
161|161||3-5-0-0-1-1||8000|
162|162||3-5-0-0-1-1||37060|
163|163||3-5-0-0-1-1||86540|
164|164||3-5-0-0-1-1||7100|
165|165||3-5-0-0-1-1||24640|
166|166||3-5-0-0-1-1||23900|
167|167||3-5-0-0-1-1||12320|
168|168||3-5-0-0-1-1||12420|
169|169||3-5-0-0-1-1||73920|
170|170||3-5-0-0-1-1||24640|
171|171||3-5-0-0-1-1||4928|
172|172||3-5-0-0-1-1||1096000|
173|173||3-5-0-0-1-1||12320|
174|174||3-5-0-0-1-1||12320|
175|175||3-5-0-0-1-1||12320|
176|176||3-5-0-0-1-1||3100|
177|177||3-5-0-0-1-1||74520|
178|178||3-5-0-0-1-1||22280|
179|179||3-5-0-0-1-1||37060|
180|180||3-5-0-0-1-1||6200|
181|181||3-5-0-0-1-1||12320|
182|182||3-5-0-0-1-1||24640|
183|183||3-5-0-0-1-1||12920|
184|184||3-5-0-0-1-1||12620|
185|185||3-5-0-0-1-1||13220|
186|186||3-5-0-0-1-1||420|
187|187||3-5-0-0-1-1||763900|
188|188||3-5-0-0-1-1||12420|
189|189||3-5-0-0-1-1||300200|
190|190||3-5-0-0-1-1||306640|
191|191||3-5-0-0-1-1||203400|
192|192||3-5-0-0-1-1||140000|
193|193||3-5-0-0-1-1||152280|
194|194||3-5-0-0-1-1||12320|
195|195||3-5-0-0-1-1||36920|
196|196||3-5-0-0-1-1||12300|
197|197||3-5-0-0-1-1||3700|
198|198||3-5-0-0-1-1||598020|
199|199||3-5-0-0-1-1||40800|
200|200||3-5-0-0-1-1||12320|
