1|1||3-5-0-0-1-1||12300|
2|2||3-5-0-0-1-1||12620|
3|3||3-5-0-0-1-1||12320|
4|4||3-5-0-0-1-1||36700|
5|5||3-5-0-0-1-1||36960|
6|6||3-5-0-0-1-1||31100|
7|7||3-5-0-0-1-1||24640|
8|8||3-5-0-0-1-1||12300|
9|9||3-5-0-0-1-1||49480|
10|10||3-5-0-0-1-1||24640|
11|11||3-5-0-0-1-1||10300|
12|12||3-5-0-0-1-1||123000|
13|13||3-5-0-0-1-1||36200|
14|14||3-5-0-0-1-1||172480|
15|15||3-5-0-0-1-1||164400|
16|16||3-5-0-0-1-1||5300|
17|17||3-5-0-0-1-1||24640|
18|18||3-5-0-0-1-1||12320|
19|19||3-5-0-0-1-1||1125920|
20|20||3-5-0-0-1-1||12300|
21|21||3-5-0-0-1-1||25300|
22|22||3-5-0-0-1-1||1528289|
23|23||3-5-0-0-1-1||7480|
24|24||3-5-0-0-1-1||7280|
25|25||3-5-0-0-1-1||225300|
26|26||3-5-0-0-1-1||123000|
27|27||3-5-0-0-1-1||12420|
28|28||3-5-0-0-1-1||210000|
29|29||3-5-0-0-1-1||12420|
30|30||3-5-0-0-1-1||160200|
31|31||3-5-0-0-1-1||24640|
32|32||3-5-0-0-1-1||10300|
33|33||3-5-0-0-1-1||12320|
34|34||3-5-0-0-1-1||17700|
35|35||3-5-0-0-1-1||24700|
36|36||3-5-0-0-1-1||105420|
37|37||3-5-0-0-1-1||584240|
38|38||3-5-0-0-1-1||158540|
39|39||3-5-0-0-1-1||140000|
40|40||3-5-0-0-1-1||592720|
41|41||3-5-0-0-1-1||49280|
42|42||3-5-0-0-1-1||18500|
43|43||3-5-0-0-1-1||22420|
44|44||3-5-0-0-1-1||52000|
45|45||3-5-0-0-1-1||12500|
46|46||3-5-0-0-1-1||14900|
47|47||3-5-0-0-1-1||12520|
48|48||3-5-0-0-1-1||12420|
49|49||3-5-0-0-1-1||12300|
50|50||3-5-0-0-1-1||12320|
51|51||3-5-0-0-1-1||18100|
52|52||3-5-0-0-1-1||11340|
53|53||3-5-0-0-1-1||12320|
54|54||3-5-0-0-1-1||12320|
55|55||3-5-0-0-1-1||24640|
56|56||3-5-0-0-1-1||6200|
57|57||3-5-0-0-1-1||12320|
58|58||3-5-0-0-1-1||12420|
59|59||3-5-0-0-1-1||36900|
60|60||3-5-0-0-1-1||12320|
61|61||3-5-0-0-1-1||12320|
62|62||3-5-0-0-1-1||19740|
63|63||3-5-0-0-1-1||27000|
64|64||3-5-0-0-1-1||49280|
65|65||3-5-0-0-1-1||50580|
66|66||3-5-0-0-1-1||24740|
67|67||3-5-0-0-1-1||12420|
68|68||3-5-0-0-1-1||12320|
69|69||3-5-0-0-1-1||24740|
70|70||3-5-0-0-1-1||20500|
71|71||3-5-0-0-1-1||12320|
72|72||3-5-0-0-1-1||12320|
73|73||3-5-0-0-1-1||20140|
74|74||3-5-0-0-1-1||12320|
75|75||3-5-0-0-1-1||822|
76|76||3-5-0-0-1-1||23420|
77|77||3-5-0-0-1-1||3100|
78|78||3-5-0-0-1-1||14400|
79|79||3-5-0-0-1-1||15100|
80|80||3-5-0-0-1-1||12320|
81|81||3-5-0-0-1-1||30800|
82|82||3-5-0-0-1-1||468040|
83|83||3-5-0-0-1-1||8300|
84|84||3-5-0-0-1-1||14000|
85|85||3-5-0-0-1-1||4471|
86|86||3-5-0-0-1-1||18620|
87|87||3-5-0-0-1-1||17400|
88|88||3-5-0-0-1-1||19000|
89|89||3-5-0-0-1-1||52863|
90|90||3-5-0-0-1-1||12320|
91|91||3-5-0-0-1-1||24740|
92|92||3-5-0-0-1-1||12420|
93|93||3-5-0-0-1-1||12320|
94|94||3-5-0-0-1-1||17400|
95|95||3-5-0-0-1-1||24640|
96|96||3-5-0-0-1-1||168300|
97|97||3-5-0-0-1-1||9680|
98|98||3-5-0-0-1-1||3080|
99|99||3-5-0-0-1-1||12320|
100|100||3-5-0-0-1-1||12620|
101|101||3-5-0-0-1-1||23200|
102|102||3-5-0-0-1-1||57600|
103|103||3-5-0-0-1-1||12400|
104|104||3-5-0-0-1-1||119300|
105|105||3-5-0-0-1-1||275340|
106|106||3-5-0-0-1-1||12320|
107|107||3-5-0-0-1-1||12320|
108|108||3-5-0-0-1-1||12320|
109|109||3-5-0-0-1-1||88000|
110|110||3-5-0-0-1-1||28800|
111|111||3-5-0-0-1-1||51760|
112|112||3-5-0-0-1-1||11500|
113|113||3-5-0-0-1-1||68580|
114|114||3-5-0-0-1-1||12320|
115|115||3-5-0-0-1-1||12320|
116|116||3-5-0-0-1-1||24640|
117|117||3-5-0-0-1-1||12320|
118|118||3-5-0-0-1-1||12420|
119|119||3-5-0-0-1-1||12320|
120|120||3-5-0-0-1-1||24640|
121|121||3-5-0-0-1-1||12320|
122|122||3-5-0-0-1-1||18700|
123|123||3-5-0-0-1-1||163800|
124|124||3-5-0-0-1-1||973100|
125|125||3-5-0-0-1-1||12720|
126|126||3-5-0-0-1-1||140448|
127|127||3-5-0-0-1-1||131828|
128|128||3-5-0-0-1-1||12320|
129|129||3-5-0-0-1-1||131860|
130|130||3-5-0-0-1-1||24740|
131|131||3-5-0-0-1-1||14700|
132|132||3-5-0-0-1-1||160700|
133|133||3-5-0-0-1-1||13900|
134|134||3-5-0-0-1-1||821|
135|135||3-5-0-0-1-1||4993500|
136|136||3-5-0-0-1-1||47155800|
137|137||3-5-0-0-1-1||129400|
138|138||3-5-0-0-1-1||24640|
139|139||3-5-0-0-1-1||12420|
140|140||3-5-0-0-1-1||20000|
141|141||3-5-0-0-1-1||4928|
142|142||3-5-0-0-1-1||24900|
143|143||3-5-0-0-1-1||12420|
144|144||3-5-0-0-1-1||12320|
145|145||3-5-0-0-1-1||12320|
146|146||3-5-0-0-1-1||555200|
147|147||3-5-0-0-1-1||501700|
148|148||3-5-0-0-1-1||118246|
149|149||3-5-0-0-1-1||12420|
150|150||3-5-0-0-1-1||78640|
151|151||3-5-0-0-1-1||24740|
152|152||3-5-0-0-1-1||36960|
153|153||3-5-0-0-1-1||308000|
154|154||3-5-0-0-1-1||12320|
155|155||3-5-0-0-1-1||12420|
156|156||3-5-0-0-1-1||12320|
157|157||3-5-0-0-1-1||74120|
158|158||3-5-0-0-1-1||17000|
159|159||3-5-0-0-1-1||12620|
160|160||3-5-0-0-1-1||12320|
161|161||3-5-0-0-1-1||12420|
162|162||3-5-0-0-1-1||364200|
163|163||3-5-0-0-1-1||12320|
164|164||3-5-0-0-1-1||15500|
165|165||3-5-0-0-1-1||23196000|
166|166||3-5-0-0-1-1||545260|
167|167||3-5-0-0-1-1||67500|
168|168||3-5-0-0-1-1||12400|
169|169||3-5-0-0-1-1||517500|
170|170||3-5-0-0-1-1||12620|
171|171||3-5-0-0-1-1||14100|
172|172||3-5-0-0-1-1||24640|
173|173||3-5-0-0-1-1||12320|
174|174||3-5-0-0-1-1||47300|
175|175||3-5-0-0-1-1||46100|
176|176||3-5-0-0-1-1||1957960|
177|177||3-5-0-0-1-1||128600|
178|178||3-5-0-0-1-1||311780|
179|179||3-5-0-0-1-1||249900|
180|180||3-5-0-0-1-1||788800|
181|181||3-5-0-0-1-1||840|
182|182||3-5-0-0-1-1||39700|
183|183||3-5-0-0-1-1||12920|
184|184||3-5-0-0-1-1||12600|
185|185||3-5-0-0-1-1||12320|
186|186||3-5-0-0-1-1||12300|
187|187||3-5-0-0-1-1||14900|
188|188||3-5-0-0-1-1||39740|
189|189||3-5-0-0-1-1||219500|
190|190||3-5-0-0-1-1||40800|
191|191||3-5-0-0-1-1||355900|
192|192||3-5-0-0-1-1||250700|
193|193||3-5-0-0-1-1||12420|
194|194||3-5-0-0-1-1||12320|
195|195||3-5-0-0-1-1||12620|
196|196||3-5-0-0-1-1||49200|
197|197||3-5-0-0-1-1||142400|
198|198||3-5-0-0-1-1||123900|
199|199||3-5-0-0-1-1||556400|
200|200||3-5-0-0-1-1||12320|
