1|1||3-5-0-0-1-1||61060|
2|2||3-5-0-0-1-1||12420|
3|3||3-5-0-0-1-1||12320|
4|4||3-5-0-0-1-1||13142|
5|5||3-5-0-0-1-1||12320|
6|6||3-5-0-0-1-1||6200|
7|7||3-5-0-0-1-1||12320|
8|8||3-5-0-0-1-1||25040|
9|9||3-5-0-0-1-1||1260|
10|10||3-5-0-0-1-1||12320|
11|11||3-5-0-0-1-1||37160|
12|12||3-5-0-0-1-1||12320|
13|13||3-5-0-0-1-1||15100|
14|14||3-5-0-0-1-1||12600|
15|15||3-5-0-0-1-1||24740|
16|16||3-5-0-0-1-1||325600|
17|17||3-5-0-0-1-1||27200|
18|18||3-5-0-0-1-1||12320|
19|19||3-5-0-0-1-1||12320|
20|20||3-5-0-0-1-1||24640|
21|21||3-5-0-0-1-1||161000|
22|22||3-5-0-0-1-1||1493500|
23|23||3-5-0-0-1-1||3780|
24|24||3-5-0-0-1-1||80000|
25|25||3-5-0-0-1-1||116780|
26|26||3-5-0-0-1-1||60700|
27|27||3-5-0-0-1-1||27200|
28|28||3-5-0-0-1-1||17300|
29|29||3-5-0-0-1-1||79200|
30|30||3-5-0-0-1-1||53060|
31|31||3-5-0-0-1-1||12320|
32|32||3-5-0-0-1-1||27300|
33|33||3-5-0-0-1-1||835300|
34|34||3-5-0-0-1-1||37700|
35|35||3-5-0-0-1-1||286500|
36|36||3-5-0-0-1-1||580800|
37|37||3-5-0-0-1-1||24640|
38|38||3-5-0-0-1-1||49280|
39|39||3-5-0-0-1-1||369320|
40|40||3-5-0-0-1-1||12300|
41|41||3-5-0-0-1-1||36320|
42|42||3-5-0-0-1-1||32000|
43|43||3-5-0-0-1-1||24840|
44|44||3-5-0-0-1-1||24840|
45|45||3-5-0-0-1-1||528540|
46|46||3-5-0-0-1-1||12420|
47|47||3-5-0-0-1-1||28640|
48|48||3-5-0-0-1-1||281120|
49|49||3-5-0-0-1-1||139380|
50|50||3-5-0-0-1-1||279320|
51|51||3-5-0-0-1-1||12420|
52|52||3-5-0-0-1-1||1335560|
53|53||3-5-0-0-1-1||14000|
54|54||3-5-0-0-1-1||761800|
55|55||3-5-0-0-1-1||182000|
56|56||3-5-0-0-1-1||30953000|
57|57||3-5-0-0-1-1||9352581|
58|58||3-5-0-0-1-1||12620|
59|59||3-5-0-0-1-1||12400|
60|60||3-5-0-0-1-1||12320|
61|61||3-5-0-0-1-1||212200|
62|62||3-5-0-0-1-1||12320|
63|63||3-5-0-0-1-1||176400|
64|64||3-5-0-0-1-1||37920|
65|65||3-5-0-0-1-1||12320|
66|66||3-5-0-0-1-1||12320|
67|67||3-5-0-0-1-1||40|
68|68||3-5-0-0-1-1||129600|
69|69||3-5-0-0-1-1||308000|
70|70||3-5-0-0-1-1||12320|
71|71||3-5-0-0-1-1||40000|
72|72||3-5-0-0-1-1||12560|
73|73||3-5-0-0-1-1||130000|
74|74||3-5-0-0-1-1||140000|
75|75||3-5-0-0-1-1||290000|
76|76||3-5-0-0-1-1||564400|
77|77||3-5-0-0-1-1||123200|
78|78||3-5-0-0-1-1||15600|
79|79||3-5-0-0-1-1||308000|
80|80||3-5-0-0-1-1||36960|
81|81||3-5-0-0-1-1||12320|
82|82||3-5-0-0-1-1||153600|
83|83||3-5-0-0-1-1||12620|
84|84||3-5-0-0-1-1||12320|
85|85||3-5-0-0-1-1||18920|
86|86||3-5-0-0-1-1||79280|
87|87||3-5-0-0-1-1||8407500|
88|88||3-5-0-0-1-1||10720|
89|89||3-5-0-0-1-1||321000|
90|90||3-5-0-0-1-1||829400|
91|91||3-5-0-0-1-1||16000|
92|92||3-5-0-0-1-1||1039000|
93|93||3-5-0-0-1-1||157100|
94|94||3-5-0-0-1-1||12420|
95|95||3-5-0-0-1-1||12320|
96|96||3-5-0-0-1-1||12320|
97|97||3-5-0-0-1-1||2102600|
98|98||3-5-0-0-1-1||12300|
99|99||3-5-0-0-1-1||154000|
100|100||3-5-0-0-1-1||16000|
101|101||3-5-0-0-1-1||12320|
102|102||3-5-0-0-1-1||1676600|
103|103||3-5-0-0-1-1||652400|
104|104||3-5-0-0-1-1||118000|
105|105||3-5-0-0-1-1||36960|
106|106||3-5-0-0-1-1||12420|
107|107||3-5-0-0-1-1||24640|
108|108||3-5-0-0-1-1||56700|
109|109||3-5-0-0-1-1||12320|
110|110||3-5-0-0-1-1||164300|
111|111||3-5-0-0-1-1||131900|
112|112||3-5-0-0-1-1||662000|
113|113||3-5-0-0-1-1||280000|
114|114||3-5-0-0-1-1||700|
115|115||3-5-0-0-1-1||500|
116|116||3-5-0-0-1-1||500|
117|117||3-5-0-0-1-1||500|
118|118||3-5-0-0-1-1||509960|
119|119||3-5-0-0-1-1||4900|
120|120||3-5-0-0-1-1||147000|
121|121||3-5-0-0-1-1||163400|
122|122||3-5-0-0-1-1||37060|
123|123||3-5-0-0-1-1||3280|
124|124||3-5-0-0-1-1||24600|
125|125||3-5-0-0-1-1||5502000|
126|126||3-5-0-0-1-1||31400|
127|127||3-5-0-0-1-1||112100|
128|128||3-5-0-0-1-1||12300|
129|129||3-5-0-0-1-1||24740|
130|130||3-5-0-0-1-1||3155800|
131|131||3-5-0-0-1-1||548200|
132|132||3-5-0-0-1-1||420|
133|133||3-5-0-0-1-1||2100|
134|134||3-5-0-0-1-1||256000|
135|135||3-5-0-0-1-1||301700|
136|136||3-5-0-0-1-1||1099900|
137|137||3-5-0-0-1-1||12420|
138|138||3-5-0-0-1-1||42100|
139|139||3-5-0-0-1-1||310620|
140|140||3-5-0-0-1-1||12320|
141|141||3-5-0-0-1-1||12300|
142|142||3-5-0-0-1-1||243700|
143|143||3-5-0-0-1-1||44000|
144|144||3-5-0-0-1-1||49000|
145|145||3-5-0-0-1-1||12320|
146|146||3-5-0-0-1-1||69520|
147|147||3-5-0-0-1-1||54020|
148|148||3-5-0-0-1-1||27120|
149|149||3-5-0-0-1-1||32400|
150|150||3-5-0-0-1-1||13822|
151|151||3-5-0-0-1-1||15920|
152|152||3-5-0-0-1-1||16100|
153|153||3-5-0-0-1-1||45300|
154|154||3-5-0-0-1-1||111340|
155|155||3-5-0-0-1-1||12300|
156|156||3-5-0-0-1-1||13020|
157|157||3-5-0-0-1-1||70320|
158|158||3-5-0-0-1-1||52120|
159|159||3-5-0-0-1-1||12320|
160|160||3-5-0-0-1-1||53400|
161|161||3-5-0-0-1-1||75820|
162|162||3-5-0-0-1-1||12420|
163|163||3-5-0-0-1-1||12320|
164|164||3-5-0-0-1-1||236600|
165|165||3-5-0-0-1-1||56100|
166|166||3-5-0-0-1-1||12420|
167|167||3-5-0-0-1-1||24640|
168|168||3-5-0-0-1-1||12320|
169|169||3-5-0-0-1-1||12320|
170|170||3-5-0-0-1-1||69500|
171|171||3-5-0-0-1-1||47320|
172|172||3-5-0-0-1-1||4147640|
173|173||3-5-0-0-1-1||14100|
174|174||3-5-0-0-1-1||12420|
175|175||3-5-0-0-1-1||12300|
176|176||3-5-0-0-1-1||132000|
177|177||3-5-0-0-1-1||12320|
178|178||3-5-0-0-1-1||12320|
179|179||3-5-0-0-1-1||121900|
180|180||3-5-0-0-1-1||1936700|
181|181||3-5-0-0-1-1||152680|
182|182||3-5-0-0-1-1||355200|
183|183||3-5-0-0-1-1||9600800|
184|184||3-5-0-0-1-1||204900|
185|185||3-5-0-0-1-1||418900|
186|186||3-5-0-0-1-1||270000|
187|187||3-5-0-0-1-1||140300|
188|188||3-5-0-0-1-1||12300|
189|189||3-5-0-0-1-1||140000|
190|190||3-5-0-0-1-1||36960|
191|191||3-5-0-0-1-1||29700|
192|192||3-5-0-0-1-1||86240|
193|193||3-5-0-0-1-1||12320|
194|194||3-5-0-0-1-1||88260|
195|195||3-5-0-0-1-1||200420|
196|196||3-5-0-0-1-1||521800|
197|197||3-5-0-0-1-1||116700|
198|198||3-5-0-0-1-1||613900|
199|199||3-5-0-0-1-1||851900|
200|200||3-5-0-0-1-1||895600|
