1|1||3-5-0-0-1-1||37060|
2|2||3-5-0-0-1-1||4000|
3|3||3-5-0-0-1-1||24640|
4|4||3-5-0-0-1-1||34100|
5|5||3-5-0-0-1-1||840|
6|6||3-5-0-0-1-1||10100|
7|7||3-5-0-0-1-1||125800|
8|8||3-5-0-0-1-1||55200|
9|9||3-5-0-0-1-1||1910600|
10|10||3-5-0-0-1-1||302000|
11|11||3-5-0-0-1-1||299100|
12|12||3-5-0-0-1-1||12300|
13|13||3-5-0-0-1-1||1418763|
14|14||3-5-0-0-1-1||10270|
15|15||3-5-0-0-1-1||12420|
16|16||3-5-0-0-1-1||151400|
17|17||3-5-0-0-1-1||9400|
18|18||3-5-0-0-1-1||29720860|
19|19||3-5-0-0-1-1||234310|
20|20||3-5-0-0-1-1||160160|
21|21||3-5-0-0-1-1||160160|
22|22||3-5-0-0-1-1||3021890|
23|23||3-5-0-0-1-1||403640|
24|24||3-5-0-0-1-1||114200|
25|25||3-5-0-0-1-1||39500|
26|26||3-5-0-0-1-1||216400|
27|27||3-5-0-0-1-1||24000|
28|28||3-5-0-0-1-1||2680|
29|29||3-5-0-0-1-1||938320|
30|30||3-5-0-0-1-1||2656960|
31|31||3-5-0-0-1-1||291100|
32|32||3-5-0-0-1-1||12320|
33|33||3-5-0-0-1-1||2594200|
34|34||3-5-0-0-1-1||20000|
35|35||3-5-0-0-1-1||679732|
36|36||3-5-0-0-1-1||333000|
37|37||3-5-0-0-1-1||2121858|
38|38||3-5-0-0-1-1||366686|
39|39||3-5-0-0-1-1||1130123|
40|40||3-5-0-0-1-1||136780|
41|41||3-5-0-0-1-1||56620|
42|42||3-5-0-0-1-1||197120|
43|43||3-5-0-0-1-1||37260|
44|44||3-5-0-0-1-1||12320|
45|45||3-5-0-0-1-1||120100|
46|46||3-5-0-0-1-1||61600|
47|47||3-5-0-0-1-1||450058|
48|48||3-5-0-0-1-1||41560|
49|49||3-5-0-0-1-1||389500|
50|50||3-5-0-0-1-1||47340|
51|51||3-5-0-0-1-1||315180|
52|52||3-5-0-0-1-1||3959800|
53|53||3-5-0-0-1-1||222600|
54|54||3-5-0-0-1-1||943040|
55|55||3-5-0-0-1-1||313060|
56|56||3-5-0-0-1-1||25140|
57|57||3-5-0-0-1-1||37160|
58|58||3-5-0-0-1-1||38160|
59|59||3-5-0-0-1-1||729820|
60|60||3-5-0-0-1-1||364100|
61|61||3-5-0-0-1-1||15100|
62|62||3-5-0-0-1-1||2451500|
63|63||3-5-0-0-1-1||4623800|
64|64||3-5-0-0-1-1||200|
65|65||3-5-0-0-1-1||7737000|
66|66||3-5-0-0-1-1||682100|
67|67||3-5-0-0-1-1||14000|
68|68||3-5-0-0-1-1||12320|
69|69||3-5-0-0-1-1||273000|
70|70||3-5-0-0-1-1||851120|
71|71||3-5-0-0-1-1||149120|
72|72||3-5-0-0-1-1||12320|
73|73||3-5-0-0-1-1||424780|
74|74||3-5-0-0-1-1||36960|
75|75||3-5-0-0-1-1||1052837|
76|76||3-5-0-0-1-1||62900|
77|77||3-5-0-0-1-1||77540|
78|78||3-5-0-0-1-1||864524|
79|79||3-5-0-0-1-1||889100|
80|80||3-5-0-0-1-1||1423200|
81|81||3-5-0-0-1-1||12500|
82|82||3-5-0-0-1-1||9964320|
83|83||3-5-0-0-1-1||9577300|
84|84||3-5-0-0-1-1||3696920|
85|85||3-5-0-0-1-1||1183400|
86|86||3-5-0-0-1-1||2416100|
87|87||3-5-0-0-1-1||406700|
88|88||3-5-0-0-1-1||319700|
89|89||3-5-0-0-1-1||126000|
90|90||3-5-0-0-1-1||13277620|
91|91||3-5-0-0-1-1||290000|
92|92||3-5-0-0-1-1||389100|
93|93||3-5-0-0-1-1||623200|
94|94||3-5-0-0-1-1||282400|
95|95||3-5-0-0-1-1||362400|
96|96||3-5-0-0-1-1||375000|
97|97||3-5-0-0-1-1||368700|
98|98||3-5-0-0-1-1||46800|
99|99||3-5-0-0-1-1||72700|
100|100||3-5-0-0-1-1||16300|
101|101||3-5-0-0-1-1||1090660|
102|102||3-5-0-0-1-1||12420|
103|103||3-5-0-0-1-1||448400|
104|104||3-5-0-0-1-1||36960|
105|105||3-5-0-0-1-1||120000|
106|106||3-5-0-0-1-1||137900|
107|107||3-5-0-0-1-1||12320|
108|108||3-5-0-0-1-1||12320|
109|109||3-5-0-0-1-1||36960|
110|110||3-5-0-0-1-1||18520|
111|111||3-5-0-0-1-1||1163829|
112|112||3-5-0-0-1-1||24700|
113|113||3-5-0-0-1-1||12320|
114|114||3-5-0-0-1-1||12300|
115|115||3-5-0-0-1-1||50120|
116|116||3-5-0-0-1-1||1662|
117|117||3-5-0-0-1-1||12320|
118|118||3-5-0-0-1-1||142200|
119|119||3-5-0-0-1-1||17400|
120|120||3-5-0-0-1-1||234920|
121|121||3-5-0-0-1-1||821|
122|122||3-5-0-0-1-1||1494500|
123|123||3-5-0-0-1-1||9300|
124|124||3-5-0-0-1-1||24740|
125|125||3-5-0-0-1-1||12320|
126|126||3-5-0-0-1-1||12320|
127|127||3-5-0-0-1-1||12320|
128|128||3-5-0-0-1-1||12320|
129|129||3-5-0-0-1-1||12320|
130|130||3-5-0-0-1-1||12320|
131|131||3-5-0-0-1-1||299520|
132|132||3-5-0-0-1-1||24400|
133|133||3-5-0-0-1-1||225000|
134|134||3-5-0-0-1-1||12300|
135|135||3-5-0-0-1-1||1542360|
136|136||3-5-0-0-1-1||290640|
137|137||3-5-0-0-1-1||140644100|
138|138||3-5-0-0-1-1||53000|
139|139||3-5-0-0-1-1||1458800|
140|140||3-5-0-0-1-1||1197100|
141|141||3-5-0-0-1-1||52200|
142|142||3-5-0-0-1-1||453000|
143|143||3-5-0-0-1-1||190400|
144|144||3-5-0-0-1-1||462720|
145|145||3-5-0-0-1-1||45000|
146|146||3-5-0-0-1-1||49280|
147|147||3-5-0-0-1-1||2793900|
148|148||3-5-0-0-1-1||2966467|
149|149||3-5-0-0-1-1||86500|
150|150||3-5-0-0-1-1||40600|
151|151||3-5-0-0-1-1||228140|
152|152||3-5-0-0-1-1||33400|
153|153||3-5-0-0-1-1||61700|
154|154||3-5-0-0-1-1||800|
155|155||3-5-0-0-1-1||800|
156|156||3-5-0-0-1-1||40000|
157|157||3-5-0-0-1-1||13426000|
158|158||3-5-0-0-1-1||8276800|
159|159||3-5-0-0-1-1||6735500|
160|160||3-5-0-0-1-1||761800|
161|161||3-5-0-0-1-1||146900|
162|162||3-5-0-0-1-1||691520|
163|163||3-5-0-0-1-1||414220|
164|164||3-5-0-0-1-1||224000|
165|165||3-5-0-0-1-1||81400|
166|166||3-5-0-0-1-1||146340|
167|167||3-5-0-0-1-1||304307|
168|168||3-5-0-0-1-1||12300|
169|169||3-5-0-0-1-1||145420|
170|170||3-5-0-0-1-1||3143740|
171|171||3-5-0-0-1-1||74120|
172|172||3-5-0-0-1-1||106200|
173|173||3-5-0-0-1-1||5753800|
174|174||3-5-0-0-1-1||49280|
175|175||3-5-0-0-1-1||369000|
176|176||3-5-0-0-1-1||258800|
177|177||3-5-0-0-1-1||473200|
178|178||3-5-0-0-1-1||273000|
179|179||3-5-0-0-1-1||12909900|
180|180||3-5-0-0-1-1||2888500|
181|181||3-5-0-0-1-1||18300|
182|182||3-5-0-0-1-1||6006180|
183|183||3-5-0-0-1-1||12420|
184|184||3-5-0-0-1-1||7134200|
185|185||3-5-0-0-1-1||1363600|
186|186||3-5-0-0-1-1||4189900|
187|187||3-5-0-0-1-1||990200|
188|188||3-5-0-0-1-1||615300|
189|189||3-5-0-0-1-1||50202|
190|190||3-5-0-0-1-1||24740|
191|191||3-5-0-0-1-1||12720|
192|192||3-5-0-0-1-1||25440|
193|193||3-5-0-0-1-1||12320|
194|194||3-5-0-0-1-1||60|
195|195||3-5-0-0-1-1||14100|
196|196||3-5-0-0-1-1||128200|
197|197||3-5-0-0-1-1||171100|
198|198||3-5-0-0-1-1||12320|
199|199||3-5-0-0-1-1||12420|
200|200||3-5-0-0-1-1||12990|
