1|1||3-5-0-0-1-1||73800|
2|2||3-5-0-0-1-1||332300|
3|3||3-5-0-0-1-1||24740|
4|4||3-5-0-0-1-1||224700|
5|5||3-5-0-0-1-1||12300|
6|6||3-5-0-0-1-1||5800|
7|7||3-5-0-0-1-1||5800|
8|8||3-5-0-0-1-1||6000|
9|9||3-5-0-0-1-1||18600|
10|10||3-5-0-0-1-1||6000|
11|11||3-5-0-0-1-1||5800|
12|12||3-5-0-0-1-1||5800|
13|13||3-5-0-0-1-1||5800|
14|14||3-5-0-0-1-1||276400|
15|15||3-5-0-0-1-1||85100|
16|16||3-5-0-0-1-1||23000|
17|17||3-5-0-0-1-1||13300|
18|18||3-5-0-0-1-1||13200|
19|19||3-5-0-0-1-1||12320|
20|20||3-5-0-0-1-1||28138|
21|21||3-5-0-0-1-1||2500|
22|22||3-5-0-0-1-1||6200|
23|23||3-5-0-0-1-1||753800|
24|24||3-5-0-0-1-1||1100|
25|25||3-5-0-0-1-1||112120|
26|26||3-5-0-0-1-1||867200|
27|27||3-5-0-0-1-1||54480|
28|28||3-5-0-0-1-1||12520|
29|29||3-5-0-0-1-1||12320|
30|30||3-5-0-0-1-1||375100|
31|31||3-5-0-0-1-1||24640|
32|32||3-5-0-0-1-1||130000|
33|33||3-5-0-0-1-1||314500|
34|34||3-5-0-0-1-1||702600|
35|35||3-5-0-0-1-1||24640|
36|36||3-5-0-0-1-1||12300|
37|37||3-5-0-0-1-1||12300|
38|38||3-5-0-0-1-1||1728100|
39|39||3-5-0-0-1-1||10010|
40|40||3-5-0-0-1-1||163200|
41|41||3-5-0-0-1-1||292300|
42|42||3-5-0-0-1-1||2500|
43|43||3-5-0-0-1-1||63900|
44|44||3-5-0-0-1-1||67500|
45|45||3-5-0-0-1-1||12320|
46|46||3-5-0-0-1-1||12320|
47|47||3-5-0-0-1-1||13500|
48|48||3-5-0-0-1-1||76040|
49|49||3-5-0-0-1-1||311330|
50|50||3-5-0-0-1-1||11340|
51|51||3-5-0-0-1-1||37160|
52|52||3-5-0-0-1-1||12300|
53|53||3-5-0-0-1-1||61500|
54|54||3-5-0-0-1-1||85500|
55|55||3-5-0-0-1-1||37600|
56|56||3-5-0-0-1-1||20000|
57|57||3-5-0-0-1-1||98560|
58|58||3-5-0-0-1-1||12300|
59|59||3-5-0-0-1-1||12300|
60|60||3-5-0-0-1-1||176700|
61|61||3-5-0-0-1-1||12300|
62|62||3-5-0-0-1-1||24600|
63|63||3-5-0-0-1-1||74200|
64|64||3-5-0-0-1-1||61500|
65|65||3-5-0-0-1-1||24600|
66|66||3-5-0-0-1-1||41800|
67|67||3-5-0-0-1-1||12300|
68|68||3-5-0-0-1-1||16400|
69|69||3-5-0-0-1-1||12300|
70|70||3-5-0-0-1-1||13100|
71|71||3-5-0-0-1-1||12300|
72|72||3-5-0-0-1-1||12300|
73|73||3-5-0-0-1-1||12700|
74|74||3-5-0-0-1-1||12600|
75|75||3-5-0-0-1-1||24600|
76|76||3-5-0-0-1-1||24700|
77|77||3-5-0-0-1-1||49200|
78|78||3-5-0-0-1-1||61800|
79|79||3-5-0-0-1-1||24700|
80|80||3-5-0-0-1-1||12400|
81|81||3-5-0-0-1-1||36900|
82|82||3-5-0-0-1-1||12400|
83|83||3-5-0-0-1-1||12300|
84|84||3-5-0-0-1-1||18700|
85|85||3-5-0-0-1-1||1034|
86|86||3-5-0-0-1-1||72320|
87|87||3-5-0-0-1-1||12320|
88|88||3-5-0-0-1-1||12320|
89|89||3-5-0-0-1-1||3080|
90|90||3-5-0-0-1-1||6160|
91|91||3-5-0-0-1-1||12320|
92|92||3-5-0-0-1-1||74100|
93|93||3-5-0-0-1-1||27820|
94|94||3-5-0-0-1-1||12320|
95|95||3-5-0-0-1-1||16000|
96|96||3-5-0-0-1-1||24640|
97|97||3-5-0-0-1-1||25100|
98|98||3-5-0-0-1-1||27280|
99|99||3-5-0-0-1-1||6500|
100|100||3-5-0-0-1-1||12320|
101|101||3-5-0-0-1-1||30000|
102|102||3-5-0-0-1-1||108306|
103|103||3-5-0-0-1-1||124900|
104|104||3-5-0-0-1-1||12420|
105|105||3-5-0-0-1-1||183620|
106|106||3-5-0-0-1-1||12320|
107|107||3-5-0-0-1-1||12320|
108|108||3-5-0-0-1-1||57140|
109|109||3-5-0-0-1-1||55740|
110|110||3-5-0-0-1-1||12320|
111|111||3-5-0-0-1-1||12420|
112|112||3-5-0-0-1-1||12320|
113|113||3-5-0-0-1-1||131020|
114|114||3-5-0-0-1-1||12320|
115|115||3-5-0-0-1-1||33000|
116|116||3-5-0-0-1-1||3700|
117|117||3-5-0-0-1-1||6500|
118|118||3-5-0-0-1-1||6400|
119|119||3-5-0-0-1-1||124400|
120|120||3-5-0-0-1-1||12320|
121|121||3-5-0-0-1-1||12420|
122|122||3-5-0-0-1-1||12320|
123|123||3-5-0-0-1-1||16500|
124|124||3-5-0-0-1-1||3200|
125|125||3-5-0-0-1-1||86400|
126|126||3-5-0-0-1-1||28200|
127|127||3-5-0-0-1-1||24640|
128|128||3-5-0-0-1-1||12420|
129|129||3-5-0-0-1-1||12320|
130|130||3-5-0-0-1-1||18000|
131|131||3-5-0-0-1-1||12320|
132|132||3-5-0-0-1-1||309500|
133|133||3-5-0-0-1-1||16000|
134|134||3-5-0-0-1-1||28400|
135|135||3-5-0-0-1-1||25500|
136|136||3-5-0-0-1-1||29900|
137|137||3-5-0-0-1-1||29200|
138|138||3-5-0-0-1-1||89000|
139|139||3-5-0-0-1-1||24640|
140|140||3-5-0-0-1-1||12320|
141|141||3-5-0-0-1-1||82800|
142|142||3-5-0-0-1-1||12700|
143|143||3-5-0-0-1-1||37200|
144|144||3-5-0-0-1-1||29500|
145|145||3-5-0-0-1-1||49400|
146|146||3-5-0-0-1-1||12300|
147|147||3-5-0-0-1-1||12320|
148|148||3-5-0-0-1-1||12320|
149|149||3-5-0-0-1-1||93900|
150|150||3-5-0-0-1-1||12320|
151|151||3-5-0-0-1-1||12420|
152|152||3-5-0-0-1-1||19300|
153|153||3-5-0-0-1-1||12420|
154|154||3-5-0-0-1-1||24640|
155|155||3-5-0-0-1-1||139500|
156|156||3-5-0-0-1-1||12320|
157|157||3-5-0-0-1-1||55700|
158|158||3-5-0-0-1-1||102760|
159|159||3-5-0-0-1-1||165400|
160|160||3-5-0-0-1-1||12320|
161|161||3-5-0-0-1-1||12320|
162|162||3-5-0-0-1-1||74800|
163|163||3-5-0-0-1-1||28800|
164|164||3-5-0-0-1-1||26920|
165|165||3-5-0-0-1-1||141180|
166|166||3-5-0-0-1-1||12300|
167|167||3-5-0-0-1-1||2500|
168|168||3-5-0-0-1-1||6150|
169|169||3-5-0-0-1-1||66300|
170|170||3-5-0-0-1-1||7211920|
171|171||3-5-0-0-1-1||628400|
172|172||3-5-0-0-1-1||17400|
173|173||3-5-0-0-1-1||12320|
174|174||3-5-0-0-1-1||12320|
175|175||3-5-0-0-1-1||74320|
176|176||3-5-0-0-1-1||24640|
177|177||3-5-0-0-1-1||110880|
178|178||3-5-0-0-1-1||7028|
179|179||3-5-0-0-1-1||625800|
180|180||3-5-0-0-1-1||396000|
181|181||3-5-0-0-1-1||3289800|
182|182||3-5-0-0-1-1||2080300|
183|183||3-5-0-0-1-1||37100|
184|184||3-5-0-0-1-1||160300|
185|185||3-5-0-0-1-1||973980|
186|186||3-5-0-0-1-1||12610|
187|187||3-5-0-0-1-1||12720|
188|188||3-5-0-0-1-1||147400|
189|189||3-5-0-0-1-1||24600|
190|190||3-5-0-0-1-1||430940|
191|191||3-5-0-0-1-1||142480|
192|192||3-5-0-0-1-1||3400|
193|193||3-5-0-0-1-1||36960|
194|194||3-5-0-0-1-1||85550|
195|195||3-5-0-0-1-1||12300|
196|196||3-5-0-0-1-1||3004000|
197|197||3-5-0-0-1-1||3168900|
198|198||3-5-0-0-1-1||58300|
199|199||3-5-0-0-1-1||49280|
200|200||3-5-0-0-1-1||24640|
