1|1||3-5-0-0-1-1||13000|
2|2||3-5-0-0-1-1||12840|
3|3||3-5-0-0-1-1||24640|
4|4||3-5-0-0-1-1||912700|
5|5||3-5-0-0-1-1||12320|
6|6||3-5-0-0-1-1||18600|
7|7||3-5-0-0-1-1||76600|
8|8||3-5-0-0-1-1||478912|
9|9||3-5-0-0-1-1||24640|
10|10||3-5-0-0-1-1||21100|
11|11||3-5-0-0-1-1||19300|
12|12||3-5-0-0-1-1||138420|
13|13||3-5-0-0-1-1||5157900|
14|14||3-5-0-0-1-1||12320|
15|15||3-5-0-0-1-1||12420|
16|16||3-5-0-0-1-1||12700|
17|17||3-5-0-0-1-1||24640|
18|18||3-5-0-0-1-1||91700|
19|19||3-5-0-0-1-1||446540|
20|20||3-5-0-0-1-1||12320|
21|21||3-5-0-0-1-1||123200|
22|22||3-5-0-0-1-1||13100|
23|23||3-5-0-0-1-1||49280|
24|24||3-5-0-0-1-1||98560|
25|25||3-5-0-0-1-1||12320|
26|26||3-5-0-0-1-1||24640|
27|27||3-5-0-0-1-1||12320|
28|28||3-5-0-0-1-1||3700|
29|29||3-5-0-0-1-1||2500|
30|30||3-5-0-0-1-1||61900|
31|31||3-5-0-0-1-1||12320|
32|32||3-5-0-0-1-1||13800|
33|33||3-5-0-0-1-1||14000|
34|34||3-5-0-0-1-1||12320|
35|35||3-5-0-0-1-1||12620|
36|36||3-5-0-0-1-1||49680|
37|37||3-5-0-0-1-1||226420|
38|38||3-5-0-0-1-1||3700|
39|39||3-5-0-0-1-1||62100|
40|40||3-5-0-0-1-1||12320|
41|41||3-5-0-0-1-1||12320|
42|42||3-5-0-0-1-1||61600|
43|43||3-5-0-0-1-1||12420|
44|44||3-5-0-0-1-1||177600|
45|45||3-5-0-0-1-1||25040|
46|46||3-5-0-0-1-1||12320|
47|47||3-5-0-0-1-1||4940|
48|48||3-5-0-0-1-1||12320|
49|49||3-5-0-0-1-1||8220|
50|50||3-5-0-0-1-1||13300|
51|51||3-5-0-0-1-1||15800|
52|52||3-5-0-0-1-1||12320|
53|53||3-5-0-0-1-1||37700|
54|54||3-5-0-0-1-1||427648|
55|55||3-5-0-0-1-1||12400|
56|56||3-5-0-0-1-1||12320|
57|57||3-5-0-0-1-1||9490|
58|58||3-5-0-0-1-1||12420|
59|59||3-5-0-0-1-1||37740|
60|60||3-5-0-0-1-1||74400|
61|61||3-5-0-0-1-1||40000|
62|62||3-5-0-0-1-1||24740|
63|63||3-5-0-0-1-1||24640|
64|64||3-5-0-0-1-1||65260|
65|65||3-5-0-0-1-1||3800|
66|66||3-5-0-0-1-1||12600|
67|67||3-5-0-0-1-1||12420|
68|68||3-5-0-0-1-1||85620|
69|69||3-5-0-0-1-1||24740|
70|70||3-5-0-0-1-1||12320|
71|71||3-5-0-0-1-1||61600|
72|72||3-5-0-0-1-1||68720|
73|73||3-5-0-0-1-1||54780|
74|74||3-5-0-0-1-1||24740|
75|75||3-5-0-0-1-1||12320|
76|76||3-5-0-0-1-1||12320|
77|77||3-5-0-0-1-1||36960|
78|78||3-5-0-0-1-1||12320|
79|79||3-5-0-0-1-1||24740|
80|80||3-5-0-0-1-1||24840|
81|81||3-5-0-0-1-1||37060|
82|82||3-5-0-0-1-1||12320|
83|83||3-5-0-0-1-1||24640|
84|84||3-5-0-0-1-1||25440|
85|85||3-5-0-0-1-1||24740|
86|86||3-5-0-0-1-1||62200|
87|87||3-5-0-0-1-1||12420|
88|88||3-5-0-0-1-1||12720|
89|89||3-5-0-0-1-1||12320|
90|90||3-5-0-0-1-1||24740|
91|91||3-5-0-0-1-1||12320|
92|92||3-5-0-0-1-1||80100|
93|93||3-5-0-0-1-1||12320|
94|94||3-5-0-0-1-1||12320|
95|95||3-5-0-0-1-1||12320|
96|96||3-5-0-0-1-1||24640|
97|97||3-5-0-0-1-1||12320|
98|98||3-5-0-0-1-1||12320|
99|99||3-5-0-0-1-1||12320|
100|100||3-5-0-0-1-1||12320|
101|101||3-5-0-0-1-1||12320|
102|102||3-5-0-0-1-1||12320|
103|103||3-5-0-0-1-1||12320|
104|104||3-5-0-0-1-1||51780|
105|105||3-5-0-0-1-1||12320|
106|106||3-5-0-0-1-1||12320|
107|107||3-5-0-0-1-1||12420|
108|108||3-5-0-0-1-1||123200|
109|109||3-5-0-0-1-1||420|
110|110||3-5-0-0-1-1||22000|
111|111||3-5-0-0-1-1||26320|
112|112||3-5-0-0-1-1||12620|
113|113||3-5-0-0-1-1||12600|
114|114||3-5-0-0-1-1||12300|
115|115||3-5-0-0-1-1||12320|
116|116||3-5-0-0-1-1||4000|
117|117||3-5-0-0-1-1||25400|
118|118||3-5-0-0-1-1||544620|
119|119||3-5-0-0-1-1||12320|
120|120||3-5-0-0-1-1||37640|
121|121||3-5-0-0-1-1||18600|
122|122||3-5-0-0-1-1||68300|
123|123||3-5-0-0-1-1||40600|
124|124||3-5-0-0-1-1||12420|
125|125||3-5-0-0-1-1||40320|
126|126||3-5-0-0-1-1||21800|
127|127||3-5-0-0-1-1||246000|
128|128||3-5-0-0-1-1||93000|
129|129||3-5-0-0-1-1||117080|
130|130||3-5-0-0-1-1||12320|
131|131||3-5-0-0-1-1||26800|
132|132||3-5-0-0-1-1||12320|
133|133||3-5-0-0-1-1||12320|
134|134||3-5-0-0-1-1||62320|
135|135||3-5-0-0-1-1||209440|
136|136||3-5-0-0-1-1||314700|
137|137||3-5-0-0-1-1||12320|
138|138||3-5-0-0-1-1||258720|
139|139||3-5-0-0-1-1||26000|
140|140||3-5-0-0-1-1||12420|
141|141||3-5-0-0-1-1||12320|
142|142||3-5-0-0-1-1||15800|
143|143||3-5-0-0-1-1||48060|
144|144||3-5-0-0-1-1||31849040|
145|145||3-5-0-0-1-1||12320|
146|146||3-5-0-0-1-1||822|
147|147||3-5-0-0-1-1||12320|
148|148||3-5-0-0-1-1||449400|
149|149||3-5-0-0-1-1||4500|
150|150||3-5-0-0-1-1||12720|
151|151||3-5-0-0-1-1||281220|
152|152||3-5-0-0-1-1||175640|
153|153||3-5-0-0-1-1||12320|
154|154||3-5-0-0-1-1||12900|
155|155||3-5-0-0-1-1||12620|
156|156||3-5-0-0-1-1||13200|
157|157||3-5-0-0-1-1||98560|
158|158||3-5-0-0-1-1||18480|
159|159||3-5-0-0-1-1||59200|
160|160||3-5-0-0-1-1||12320|
161|161||3-5-0-0-1-1||12320|
162|162||3-5-0-0-1-1||133100|
163|163||3-5-0-0-1-1||12320|
164|164||3-5-0-0-1-1||200|
165|165||3-5-0-0-1-1||73920|
166|166||3-5-0-0-1-1||24640|
167|167||3-5-0-0-1-1||1643|
168|168||3-5-0-0-1-1||12320|
169|169||3-5-0-0-1-1||150800|
170|170||3-5-0-0-1-1||16500|
171|171||3-5-0-0-1-1||18100|
172|172||3-5-0-0-1-1||12320|
173|173||3-5-0-0-1-1||9300|
174|174||3-5-0-0-1-1||55300|
175|175||3-5-0-0-1-1||12320|
176|176||3-5-0-0-1-1||13560|
177|177||3-5-0-0-1-1||12320|
178|178||3-5-0-0-1-1||12320|
179|179||3-5-0-0-1-1||12420|
180|180||3-5-0-0-1-1||12420|
181|181||3-5-0-0-1-1||7200|
182|182||3-5-0-0-1-1||12320|
183|183||3-5-0-0-1-1||108900|
184|184||3-5-0-0-1-1||7803|
185|185||3-5-0-0-1-1||18580|
186|186||3-5-0-0-1-1||8070800|
187|187||3-5-0-0-1-1||6260|
188|188||3-5-0-0-1-1||12400|
189|189||3-5-0-0-1-1||49280|
190|190||3-5-0-0-1-1||50400|
191|191||3-5-0-0-1-1||633720|
192|192||3-5-0-0-1-1||16900|
193|193||3-5-0-0-1-1||271940|
194|194||3-5-0-0-1-1||358900|
195|195||3-5-0-0-1-1||24640|
196|196||3-5-0-0-1-1||40000|
197|197||3-5-0-0-1-1||2087565|
198|198||3-5-0-0-1-1||11800|
199|199||3-5-0-0-1-1||206240|
200|200||3-5-0-0-1-1||80500|
