1|1||3-5-0-0-1-1||3080|
2|2||3-5-0-0-1-1||180000|
3|3||3-5-0-0-1-1||12320|
4|4||3-5-0-0-1-1||12320|
5|5||3-5-0-0-1-1||12320|
6|6||3-5-0-0-1-1||63640|
7|7||3-5-0-0-1-1||24640|
8|8||3-5-0-0-1-1||36000|
9|9||3-5-0-0-1-1||12320|
10|10||3-5-0-0-1-1||15900|
11|11||3-5-0-0-1-1||12420|
12|12||3-5-0-0-1-1||15400|
13|13||3-5-0-0-1-1||12420|
14|14||3-5-0-0-1-1||12320|
15|15||3-5-0-0-1-1||49280|
16|16||3-5-0-0-1-1||12320|
17|17||3-5-0-0-1-1||12320|
18|18||3-5-0-0-1-1||12320|
19|19||3-5-0-0-1-1||17800|
20|20||3-5-0-0-1-1||12420|
21|21||3-5-0-0-1-1||13880|
22|22||3-5-0-0-1-1||12620|
23|23||3-5-0-0-1-1||12920|
24|24||3-5-0-0-1-1||12320|
25|25||3-5-0-0-1-1||24640|
26|26||3-5-0-0-1-1||12320|
27|27||3-5-0-0-1-1||37060|
28|28||3-5-0-0-1-1||12420|
29|29||3-5-0-0-1-1||86240|
30|30||3-5-0-0-1-1||12320|
31|31||3-5-0-0-1-1||140000|
32|32||3-5-0-0-1-1||12320|
33|33||3-5-0-0-1-1||1320200|
34|34||3-5-0-0-1-1||367520|
35|35||3-5-0-0-1-1||234080|
36|36||3-5-0-0-1-1||111180|
37|37||3-5-0-0-1-1||340000|
38|38||3-5-0-0-1-1||175000|
39|39||3-5-0-0-1-1||128000|
40|40||3-5-0-0-1-1||961400|
41|41||3-5-0-0-1-1||523400|
42|42||3-5-0-0-1-1||36960|
43|43||3-5-0-0-1-1||378800|
44|44||3-5-0-0-1-1||12620|
45|45||3-5-0-0-1-1||14600|
46|46||3-5-0-0-1-1||25420|
47|47||3-5-0-0-1-1||14300|
48|48||3-5-0-0-1-1||14900|
49|49||3-5-0-0-1-1||14000|
50|50||3-5-0-0-1-1||13020|
51|51||3-5-0-0-1-1||230900|
52|52||3-5-0-0-1-1||37060|
53|53||3-5-0-0-1-1||153380|
54|54||3-5-0-0-1-1||12320|
55|55||3-5-0-0-1-1||17000|
56|56||3-5-0-0-1-1||4555500|
57|57||3-5-0-0-1-1||12320|
58|58||3-5-0-0-1-1||36400|
59|59||3-5-0-0-1-1||123200|
60|60||3-5-0-0-1-1||12320|
61|61||3-5-0-0-1-1||16400|
62|62||3-5-0-0-1-1||12320|
63|63||3-5-0-0-1-1||336000|
64|64||3-5-0-0-1-1||12320|
65|65||3-5-0-0-1-1||14100|
66|66||3-5-0-0-1-1||12320|
67|67||3-5-0-0-1-1||958100|
68|68||3-5-0-0-1-1||23580500|
69|69||3-5-0-0-1-1||40840|
70|70||3-5-0-0-1-1||12320|
71|71||3-5-0-0-1-1||12320|
72|72||3-5-0-0-1-1||3720|
73|73||3-5-0-0-1-1||12320|
74|74||3-5-0-0-1-1||45400|
75|75||3-5-0-0-1-1||45180|
76|76||3-5-0-0-1-1||2900|
77|77||3-5-0-0-1-1||2500|
78|78||3-5-0-0-1-1||23020|
79|79||3-5-0-0-1-1||256500|
80|80||3-5-0-0-1-1||4368800|
81|81||3-5-0-0-1-1||12320|
82|82||3-5-0-0-1-1||9040|
83|83||3-5-0-0-1-1||24640|
84|84||3-5-0-0-1-1||12320|
85|85||3-5-0-0-1-1||12320|
86|86||3-5-0-0-1-1||12320|
87|87||3-5-0-0-1-1||24740|
88|88||3-5-0-0-1-1||5420|
89|89||3-5-0-0-1-1||25060|
90|90||3-5-0-0-1-1||12320|
91|91||3-5-0-0-1-1||12320|
92|92||3-5-0-0-1-1||18300|
93|93||3-5-0-0-1-1||12320|
94|94||3-5-0-0-1-1||5000|
95|95||3-5-0-0-1-1||16100|
96|96||3-5-0-0-1-1||12320|
97|97||3-5-0-0-1-1||56640|
98|98||3-5-0-0-1-1||12320|
99|99||3-5-0-0-1-1||99160|
100|100||3-5-0-0-1-1||24740|
101|101||3-5-0-0-1-1||27720|
102|102||3-5-0-0-1-1||12320|
103|103||3-5-0-0-1-1||16000|
104|104||3-5-0-0-1-1||12320|
105|105||3-5-0-0-1-1||12320|
106|106||3-5-0-0-1-1||13500|
107|107||3-5-0-0-1-1||51120|
108|108||3-5-0-0-1-1||15100|
109|109||3-5-0-0-1-1||49280|
110|110||3-5-0-0-1-1||219280|
111|111||3-5-0-0-1-1||190400|
112|112||3-5-0-0-1-1||12320|
113|113||3-5-0-0-1-1||12320|
114|114||3-5-0-0-1-1||23942|
115|115||3-5-0-0-1-1||49480|
116|116||3-5-0-0-1-1||25160|
117|117||3-5-0-0-1-1||37060|
118|118||3-5-0-0-1-1||37060|
119|119||3-5-0-0-1-1||14000|
120|120||3-5-0-0-1-1||12320|
121|121||3-5-0-0-1-1||12420|
122|122||3-5-0-0-1-1||86100|
123|123||3-5-0-0-1-1||78340|
124|124||3-5-0-0-1-1||84000|
125|125||3-5-0-0-1-1||37610|
126|126||3-5-0-0-1-1||30000|
127|127||3-5-0-0-1-1||70980|
128|128||3-5-0-0-1-1||12420|
129|129||3-5-0-0-1-1||300240|
130|130||3-5-0-0-1-1||12320|
131|131||3-5-0-0-1-1||12320|
132|132||3-5-0-0-1-1||12420|
133|133||3-5-0-0-1-1||24640|
134|134||3-5-0-0-1-1||36960|
135|135||3-5-0-0-1-1||12320|
136|136||3-5-0-0-1-1||12320|
137|137||3-5-0-0-1-1||12320|
138|138||3-5-0-0-1-1||12320|
139|139||3-5-0-0-1-1||12620|
140|140||3-5-0-0-1-1||12320|
141|141||3-5-0-0-1-1||12320|
142|142||3-5-0-0-1-1||12420|
143|143||3-5-0-0-1-1||12320|
144|144||3-5-0-0-1-1||436600|
145|145||3-5-0-0-1-1||24000|
146|146||3-5-0-0-1-1||6200|
147|147||3-5-0-0-1-1||1311840|
148|148||3-5-0-0-1-1||162600|
149|149||3-5-0-0-1-1||44520|
150|150||3-5-0-0-1-1||340100|
151|151||3-5-0-0-1-1||57000|
152|152||3-5-0-0-1-1||58500|
153|153||3-5-0-0-1-1||420|
154|154||3-5-0-0-1-1||48970|
155|155||3-5-0-0-1-1||12320|
156|156||3-5-0-0-1-1||280000|
157|157||3-5-0-0-1-1||46000|
158|158||3-5-0-0-1-1||168286|
159|159||3-5-0-0-1-1||63580|
160|160||3-5-0-0-1-1||266400|
161|161||3-5-0-0-1-1||258700|
162|162||3-5-0-0-1-1||400|
163|163||3-5-0-0-1-1||308640|
164|164||3-5-0-0-1-1||43000|
165|165||3-5-0-0-1-1||67320|
166|166||3-5-0-0-1-1||41000|
167|167||3-5-0-0-1-1||259500|
168|168||3-5-0-0-1-1||6500|
169|169||3-5-0-0-1-1||122296875|
170|170||3-5-0-0-1-1||21600600|
171|171||3-5-0-0-1-1||11760980|
172|172||3-5-0-0-1-1||3217157|
173|173||3-5-0-0-1-1||34000|
174|174||3-5-0-0-1-1||20000|
175|175||3-5-0-0-1-1||20000|
176|176||3-5-0-0-1-1||39540|
177|177||3-5-0-0-1-1||28318200|
178|178||3-5-0-0-1-1||41200|
179|179||3-5-0-0-1-1||69240|
180|180||3-5-0-0-1-1||1112100|
181|181||3-5-0-0-1-1||16712800|
182|182||3-5-0-0-1-1||12320|
183|183||3-5-0-0-1-1||12320|
184|184||3-5-0-0-1-1||1200|
185|185||3-5-0-0-1-1||12320|
186|186||3-5-0-0-1-1||12320|
187|187||3-5-0-0-1-1||41144|
188|188||3-5-0-0-1-1||24740|
189|189||3-5-0-0-1-1||24640|
190|190||3-5-0-0-1-1||137200|
191|191||3-5-0-0-1-1||12320|
192|192||3-5-0-0-1-1||12400|
193|193||3-5-0-0-1-1||24700|
194|194||3-5-0-0-1-1||12320|
195|195||3-5-0-0-1-1||12320|
196|196||3-5-0-0-1-1||42620|
197|197||3-5-0-0-1-1||12320|
198|198||3-5-0-0-1-1||9494800|
199|199||3-5-0-0-1-1||36960|
200|200||3-5-0-0-1-1||12320|
