1|1||3-5-0-0-1-1||12320|
2|2||3-5-0-0-1-1||200|
3|3||3-5-0-0-1-1||3700|
4|4||3-5-0-0-1-1||105|
5|5||3-5-0-0-1-1||282620|
6|6||3-5-0-0-1-1||12320|
7|7||3-5-0-0-1-1||3100|
8|8||3-5-0-0-1-1||144900|
9|9||3-5-0-0-1-1||12320|
10|10||3-5-0-0-1-1||36900|
11|11||3-5-0-0-1-1||227900|
12|12||3-5-0-0-1-1||13000|
13|13||3-5-0-0-1-1||14000|
14|14||3-5-0-0-1-1||12420|
15|15||3-5-0-0-1-1||26000|
16|16||3-5-0-0-1-1||24640|
17|17||3-5-0-0-1-1||24640|
18|18||3-5-0-0-1-1||36960|
19|19||3-5-0-0-1-1||61800|
20|20||3-5-0-0-1-1||12320|
21|21||3-5-0-0-1-1||12320|
22|22||3-5-0-0-1-1||12320|
23|23||3-5-0-0-1-1||12320|
24|24||3-5-0-0-1-1||78220|
25|25||3-5-0-0-1-1||16300|
26|26||3-5-0-0-1-1||12420|
27|27||3-5-0-0-1-1||1513600|
28|28||3-5-0-0-1-1||420|
29|29||3-5-0-0-1-1||24640|
30|30||3-5-0-0-1-1||28420|
31|31||3-5-0-0-1-1||321260|
32|32||3-5-0-0-1-1||400|
33|33||3-5-0-0-1-1||1339900|
34|34||3-5-0-0-1-1||226500|
35|35||3-5-0-0-1-1||147080|
36|36||3-5-0-0-1-1||12320|
37|37||3-5-0-0-1-1||28442|
38|38||3-5-0-0-1-1||12720|
39|39||3-5-0-0-1-1||78300|
40|40||3-5-0-0-1-1||37000|
41|41||3-5-0-0-1-1||16000|
42|42||3-5-0-0-1-1||10300|
43|43||3-5-0-0-1-1||420|
44|44||3-5-0-0-1-1||420|
45|45||3-5-0-0-1-1||12720|
46|46||3-5-0-0-1-1||37000|
47|47||3-5-0-0-1-1||37000|
48|48||3-5-0-0-1-1||12320|
49|49||3-5-0-0-1-1||33820|
50|50||3-5-0-0-1-1||15660|
51|51||3-5-0-0-1-1||34000|
52|52||3-5-0-0-1-1||147880|
53|53||3-5-0-0-1-1||487880|
54|54||3-5-0-0-1-1||12320|
55|55||3-5-0-0-1-1||3746200|
56|56||3-5-0-0-1-1||6200|
57|57||3-5-0-0-1-1||12620|
58|58||3-5-0-0-1-1||25120|
59|59||3-5-0-0-1-1||12420|
60|60||3-5-0-0-1-1||24640|
61|61||3-5-0-0-1-1||15600|
62|62||3-5-0-0-1-1||158240|
63|63||3-5-0-0-1-1||14400|
64|64||3-5-0-0-1-1||25920|
65|65||3-5-0-0-1-1||16100|
66|66||3-5-0-0-1-1||12400|
67|67||3-5-0-0-1-1||253000|
68|68||3-5-0-0-1-1||21400|
69|69||3-5-0-0-1-1||68400|
70|70||3-5-0-0-1-1||503200|
71|71||3-5-0-0-1-1||437900|
72|72||3-5-0-0-1-1||277300|
73|73||3-5-0-0-1-1||402000|
74|74||3-5-0-0-1-1||51200|
75|75||3-5-0-0-1-1||6721100|
76|76||3-5-0-0-1-1||156200|
77|77||3-5-0-0-1-1||4315000|
78|78||3-5-0-0-1-1||229800|
79|79||3-5-0-0-1-1||789000|
80|80||3-5-0-0-1-1||1380300|
81|81||3-5-0-0-1-1||24640|
82|82||3-5-0-0-1-1||14600|
83|83||3-5-0-0-1-1||10820|
84|84||3-5-0-0-1-1||1648200|
85|85||3-5-0-0-1-1||194400|
86|86||3-5-0-0-1-1||94100|
87|87||3-5-0-0-1-1||1405800|
88|88||3-5-0-0-1-1||18800|
89|89||3-5-0-0-1-1||357200|
90|90||3-5-0-0-1-1||1347925|
91|91||3-5-0-0-1-1||448900|
92|92||3-5-0-0-1-1||2665100|
93|93||3-5-0-0-1-1||98220|
94|94||3-5-0-0-1-1||308000|
95|95||3-5-0-0-1-1||162200|
96|96||3-5-0-0-1-1||885900|
97|97||3-5-0-0-1-1||401000|
98|98||3-5-0-0-1-1||140300|
99|99||3-5-0-0-1-1||334300|
100|100||3-5-0-0-1-1||18440|
101|101||3-5-0-0-1-1||110880|
102|102||3-5-0-0-1-1||17400|
103|103||3-5-0-0-1-1||5200|
104|104||3-5-0-0-1-1||12420|
105|105||3-5-0-0-1-1||15600|
106|106||3-5-0-0-1-1||288400|
107|107||3-5-0-0-1-1||307480|
108|108||3-5-0-0-1-1||24640|
109|109||3-5-0-0-1-1||74800|
110|110||3-5-0-0-1-1||27820|
111|111||3-5-0-0-1-1||12320|
112|112||3-5-0-0-1-1||13100|
113|113||3-5-0-0-1-1||3100|
114|114||3-5-0-0-1-1||12320|
115|115||3-5-0-0-1-1||161460|
116|116||3-5-0-0-1-1||12320|
117|117||3-5-0-0-1-1||61600|
118|118||3-5-0-0-1-1||12620|
119|119||3-5-0-0-1-1||235402|
120|120||3-5-0-0-1-1||37480|
121|121||3-5-0-0-1-1||1260|
122|122||3-5-0-0-1-1||86240|
123|123||3-5-0-0-1-1||52066|
124|124||3-5-0-0-1-1||73920|
125|125||3-5-0-0-1-1||24600|
126|126||3-5-0-0-1-1||12320|
127|127||3-5-0-0-1-1||13220|
128|128||3-5-0-0-1-1||12300|
129|129||3-5-0-0-1-1||12320|
130|130||3-5-0-0-1-1||16100|
131|131||3-5-0-0-1-1||100160|
132|132||3-5-0-0-1-1||36965|
133|133||3-5-0-0-1-1||3700|
134|134||3-5-0-0-1-1||12620|
135|135||3-5-0-0-1-1||323145|
136|136||3-5-0-0-1-1||38740|
137|137||3-5-0-0-1-1||12500|
138|138||3-5-0-0-1-1||12520|
139|139||3-5-0-0-1-1||273800|
140|140||3-5-0-0-1-1||12320|
141|141||3-5-0-0-1-1||15000|
142|142||3-5-0-0-1-1||12320|
143|143||3-5-0-0-1-1||14200|
144|144||3-5-0-0-1-1||20500|
145|145||3-5-0-0-1-1||6160|
146|146||3-5-0-0-1-1||49280|
147|147||3-5-0-0-1-1||24740|
148|148||3-5-0-0-1-1||12320|
149|149||3-5-0-0-1-1||37260|
150|150||3-5-0-0-1-1||25920|
151|151||3-5-0-0-1-1||24740|
152|152||3-5-0-0-1-1||41800|
153|153||3-5-0-0-1-1||40900|
154|154||3-5-0-0-1-1||25480|
155|155||3-5-0-0-1-1||12620|
156|156||3-5-0-0-1-1||30200|
157|157||3-5-0-0-1-1||380700|
158|158||3-5-0-0-1-1||86240|
159|159||3-5-0-0-1-1||24640|
160|160||3-5-0-0-1-1||12620|
161|161||3-5-0-0-1-1||165400|
162|162||3-5-0-0-1-1||273620|
163|163||3-5-0-0-1-1||311400|
164|164||3-5-0-0-1-1||25500|
165|165||3-5-0-0-1-1||331100|
166|166||3-5-0-0-1-1||203380|
167|167||3-5-0-0-1-1||96500|
168|168||3-5-0-0-1-1||436760|
169|169||3-5-0-0-1-1||16700|
170|170||3-5-0-0-1-1||147840|
171|171||3-5-0-0-1-1||101800|
172|172||3-5-0-0-1-1||34100|
173|173||3-5-0-0-1-1||35700|
174|174||3-5-0-0-1-1||29000|
175|175||3-5-0-0-1-1||24100|
176|176||3-5-0-0-1-1||140000|
177|177||3-5-0-0-1-1||4097400|
178|178||3-5-0-0-1-1||12320|
179|179||3-5-0-0-1-1||15400|
180|180||3-5-0-0-1-1||15000|
181|181||3-5-0-0-1-1||13300|
182|182||3-5-0-0-1-1||12320|
183|183||3-5-0-0-1-1||123600|
184|184||3-5-0-0-1-1||12320|
185|185||3-5-0-0-1-1||12320|
186|186||3-5-0-0-1-1||24640|
187|187||3-5-0-0-1-1||12320|
188|188||3-5-0-0-1-1||11540|
189|189||3-5-0-0-1-1||16300|
190|190||3-5-0-0-1-1||14900|
191|191||3-5-0-0-1-1||12420|
192|192||3-5-0-0-1-1||24740|
193|193||3-5-0-0-1-1||3100|
194|194||3-5-0-0-1-1||185500|
195|195||3-5-0-0-1-1||4620200|
196|196||3-5-0-0-1-1||15100|
197|197||3-5-0-0-1-1||12400|
198|198||3-5-0-0-1-1||156300|
199|199||3-5-0-0-1-1||1782100|
200|200||3-5-0-0-1-1||12320|
