1|1||3-5-0-0-1-1||20000|
2|2||3-5-0-0-1-1||8624|
3|3||3-5-0-0-1-1||1293400|
4|4||3-5-0-0-1-1||597300|
5|5||3-5-0-0-1-1||1007500|
6|6||3-5-0-0-1-1||739800|
7|7||3-5-0-0-1-1||5066600|
8|8||3-5-0-0-1-1||7900|
9|9||3-5-0-0-1-1||14831800|
10|10||3-5-0-0-1-1||22880|
11|11||3-5-0-0-1-1||842000|
12|12||3-5-0-0-1-1||160000|
13|13||3-5-0-0-1-1||272200|
14|14||3-5-0-0-1-1||71440|
15|15||3-5-0-0-1-1||12320|
16|16||3-5-0-0-1-1||800|
17|17||3-5-0-0-1-1||1745700|
18|18||3-5-0-0-1-1||12620|
19|19||3-5-0-0-1-1||151520|
20|20||3-5-0-0-1-1||24840|
21|21||3-5-0-0-1-1||27720|
22|22||3-5-0-0-1-1||86100|
23|23||3-5-0-0-1-1||12300|
24|24||3-5-0-0-1-1||6200|
25|25||3-5-0-0-1-1||12400|
26|26||3-5-0-0-1-1||12320|
27|27||3-5-0-0-1-1||12320|
28|28||3-5-0-0-1-1||12320|
29|29||3-5-0-0-1-1||12320|
30|30||3-5-0-0-1-1||12320|
31|31||3-5-0-0-1-1||12320|
32|32||3-5-0-0-1-1||12620|
33|33||3-5-0-0-1-1||49480|
34|34||3-5-0-0-1-1||6360|
35|35||3-5-0-0-1-1||12420|
36|36||3-5-0-0-1-1||12320|
37|37||3-5-0-0-1-1||24740|
38|38||3-5-0-0-1-1||6200|
39|39||3-5-0-0-1-1||65727|
40|40||3-5-0-0-1-1||6200|
41|41||3-5-0-0-1-1||12400|
42|42||3-5-0-0-1-1||11600|
43|43||3-5-0-0-1-1||13700|
44|44||3-5-0-0-1-1||12320|
45|45||3-5-0-0-1-1||45140|
46|46||3-5-0-0-1-1||59480|
47|47||3-5-0-0-1-1||12300|
48|48||3-5-0-0-1-1||28340|
49|49||3-5-0-0-1-1||98980|
50|50||3-5-0-0-1-1||47250|
51|51||3-5-0-0-1-1||12920|
52|52||3-5-0-0-1-1||11400|
53|53||3-5-0-0-1-1||111280|
54|54||3-5-0-0-1-1||6200|
55|55||3-5-0-0-1-1||12720|
56|56||3-5-0-0-1-1||14700|
57|57||3-5-0-0-1-1||37260|
58|58||3-5-0-0-1-1||12320|
59|59||3-5-0-0-1-1||3445|
60|60||3-5-0-0-1-1||12420|
61|61||3-5-0-0-1-1||14600|
62|62||3-5-0-0-1-1||47660|
63|63||3-5-0-0-1-1||49280|
64|64||3-5-0-0-1-1||24740|
65|65||3-5-0-0-1-1||51320|
66|66||3-5-0-0-1-1||12320|
67|67||3-5-0-0-1-1||13780|
68|68||3-5-0-0-1-1||24740|
69|69||3-5-0-0-1-1||12320|
70|70||3-5-0-0-1-1||13600|
71|71||3-5-0-0-1-1||37060|
72|72||3-5-0-0-1-1||12320|
73|73||3-5-0-0-1-1||15000|
74|74||3-5-0-0-1-1||407800|
75|75||3-5-0-0-1-1||12320|
76|76||3-5-0-0-1-1||137600|
77|77||3-5-0-0-1-1||36960|
78|78||3-5-0-0-1-1||296000|
79|79||3-5-0-0-1-1||24800|
80|80||3-5-0-0-1-1||25400|
81|81||3-5-0-0-1-1||86000|
82|82||3-5-0-0-1-1||17100|
83|83||3-5-0-0-1-1||12420|
84|84||3-5-0-0-1-1||14000|
85|85||3-5-0-0-1-1||50640|
86|86||3-5-0-0-1-1||73920|
87|87||3-5-0-0-1-1||49280|
88|88||3-5-0-0-1-1||30800|
89|89||3-5-0-0-1-1||1240|
90|90||3-5-0-0-1-1||12320|
91|91||3-5-0-0-1-1||12320|
92|92||3-5-0-0-1-1||12300|
93|93||3-5-0-0-1-1||479400|
94|94||3-5-0-0-1-1||84340|
95|95||3-5-0-0-1-1||553400|
96|96||3-5-0-0-1-1||18337220|
97|97||3-5-0-0-1-1||34859420|
98|98||3-5-0-0-1-1||4000|
99|99||3-5-0-0-1-1||12320|
100|100||3-5-0-0-1-1||237190|
101|101||3-5-0-0-1-1||12320|
102|102||3-5-0-0-1-1||12320|
103|103||3-5-0-0-1-1||19900|
104|104||3-5-0-0-1-1||210000|
105|105||3-5-0-0-1-1||838260|
106|106||3-5-0-0-1-1||33600|
107|107||3-5-0-0-1-1||17000|
108|108||3-5-0-0-1-1||37040|
109|109||3-5-0-0-1-1||24640|
110|110||3-5-0-0-1-1||144600|
111|111||3-5-0-0-1-1||95100|
112|112||3-5-0-0-1-1||76100|
113|113||3-5-0-0-1-1||32200|
114|114||3-5-0-0-1-1||21500|
115|115||3-5-0-0-1-1||71500|
116|116||3-5-0-0-1-1||82800|
117|117||3-5-0-0-1-1||34400|
118|118||3-5-0-0-1-1||22700|
119|119||3-5-0-0-1-1||32900|
120|120||3-5-0-0-1-1||34800|
121|121||3-5-0-0-1-1||35200|
122|122||3-5-0-0-1-1||81200|
123|123||3-5-0-0-1-1||36100|
124|124||3-5-0-0-1-1||40800|
125|125||3-5-0-0-1-1||37800|
126|126||3-5-0-0-1-1||21900|
127|127||3-5-0-0-1-1||48600|
128|128||3-5-0-0-1-1||53100|
129|129||3-5-0-0-1-1||582800|
130|130||3-5-0-0-1-1||160800|
131|131||3-5-0-0-1-1||24640|
132|132||3-5-0-0-1-1||17023700|
133|133||3-5-0-0-1-1||12320|
134|134||3-5-0-0-1-1||20000|
135|135||3-5-0-0-1-1||2518540|
136|136||3-5-0-0-1-1||3968300|
137|137||3-5-0-0-1-1||12300|
138|138||3-5-0-0-1-1||160600|
139|139||3-5-0-0-1-1||37060|
140|140||3-5-0-0-1-1||37960|
141|141||3-5-0-0-1-1||61500|
142|142||3-5-0-0-1-1||36960|
143|143||3-5-0-0-1-1||63442|
144|144||3-5-0-0-1-1||12320|
145|145||3-5-0-0-1-1||49980|
146|146||3-5-0-0-1-1||12320|
147|147||3-5-0-0-1-1||24640|
148|148||3-5-0-0-1-1||24740|
149|149||3-5-0-0-1-1||24740|
150|150||3-5-0-0-1-1||10820|
151|151||3-5-0-0-1-1||12320|
152|152||3-5-0-0-1-1||24640|
153|153||3-5-0-0-1-1||24640|
154|154||3-5-0-0-1-1||12320|
155|155||3-5-0-0-1-1||12420|
156|156||3-5-0-0-1-1||12420|
157|157||3-5-0-0-1-1||138060|
158|158||3-5-0-0-1-1||14000|
159|159||3-5-0-0-1-1||36960|
160|160||3-5-0-0-1-1||12320|
161|161||3-5-0-0-1-1||49240|
162|162||3-5-0-0-1-1||90500|
163|163||3-5-0-0-1-1||12420|
164|164||3-5-0-0-1-1||9500|
165|165||3-5-0-0-1-1||17600|
166|166||3-5-0-0-1-1||15700|
167|167||3-5-0-0-1-1||63289|
168|168||3-5-0-0-1-1||8102|
169|169||3-5-0-0-1-1||9900|
170|170||3-5-0-0-1-1||25200|
171|171||3-5-0-0-1-1||25040|
172|172||3-5-0-0-1-1||24640|
173|173||3-5-0-0-1-1||130500|
174|174||3-5-0-0-1-1||24640|
175|175||3-5-0-0-1-1||264540|
176|176||3-5-0-0-1-1||52000|
177|177||3-5-0-0-1-1||16100|
178|178||3-5-0-0-1-1||12420|
179|179||3-5-0-0-1-1||7745|
180|180||3-5-0-0-1-1||61600|
181|181||3-5-0-0-1-1||24640|
182|182||3-5-0-0-1-1||12320|
183|183||3-5-0-0-1-1||12320|
184|184||3-5-0-0-1-1||24740|
185|185||3-5-0-0-1-1||2021100|
186|186||3-5-0-0-1-1||12400|
187|187||3-5-0-0-1-1||14000|
188|188||3-5-0-0-1-1||234309|
189|189||3-5-0-0-1-1||24640|
190|190||3-5-0-0-1-1||50880|
191|191||3-5-0-0-1-1||49680|
192|192||3-5-0-0-1-1||1130|
193|193||3-5-0-0-1-1||61500|
194|194||3-5-0-0-1-1||13100|
195|195||3-5-0-0-1-1||27120|
196|196||3-5-0-0-1-1||12320|
197|197||3-5-0-0-1-1||12320|
198|198||3-5-0-0-1-1||12620|
199|199||3-5-0-0-1-1||12320|
200|200||3-5-0-0-1-1||11420|
