1|1||3-5-0-0-1-1||13020|
2|2||3-5-0-0-1-1||12620|
3|3||3-5-0-0-1-1||12320|
4|4||3-5-0-0-1-1||13400|
5|5||3-5-0-0-1-1||15000|
6|6||3-5-0-0-1-1||24640|
7|7||3-5-0-0-1-1||21000|
8|8||3-5-0-0-1-1||310600|
9|9||3-5-0-0-1-1||674420|
10|10||3-5-0-0-1-1||643720|
11|11||3-5-0-0-1-1||2150500|
12|12||3-5-0-0-1-1||755100|
13|13||3-5-0-0-1-1||243300|
14|14||3-5-0-0-1-1||112600|
15|15||3-5-0-0-1-1||96680|
16|16||3-5-0-0-1-1||49680|
17|17||3-5-0-0-1-1||31500|
18|18||3-5-0-0-1-1||4928|
19|19||3-5-0-0-1-1||7000|
20|20||3-5-0-0-1-1||24640|
21|21||3-5-0-0-1-1||34944|
22|22||3-5-0-0-1-1||112100|
23|23||3-5-0-0-1-1||12320|
24|24||3-5-0-0-1-1||123200|
25|25||3-5-0-0-1-1||100000|
26|26||3-5-0-0-1-1||12320|
27|27||3-5-0-0-1-1||81762|
28|28||3-5-0-0-1-1||73920|
29|29||3-5-0-0-1-1||12320|
30|30||3-5-0-0-1-1||150140|
31|31||3-5-0-0-1-1||36960|
32|32||3-5-0-0-1-1||12900|
33|33||3-5-0-0-1-1||12420|
34|34||3-5-0-0-1-1||12420|
35|35||3-5-0-0-1-1||12420|
36|36||3-5-0-0-1-1||12100|
37|37||3-5-0-0-1-1||777800|
38|38||3-5-0-0-1-1||398300|
39|39||3-5-0-0-1-1||73920|
40|40||3-5-0-0-1-1||5000|
41|41||3-5-0-0-1-1||131000|
42|42||3-5-0-0-1-1||24640|
43|43||3-5-0-0-1-1||12320|
44|44||3-5-0-0-1-1||3100|
45|45||3-5-0-0-1-1||12320|
46|46||3-5-0-0-1-1||72520|
47|47||3-5-0-0-1-1||37540|
48|48||3-5-0-0-1-1||12320|
49|49||3-5-0-0-1-1||279420|
50|50||3-5-0-0-1-1||12320|
51|51||3-5-0-0-1-1||12320|
52|52||3-5-0-0-1-1||12320|
53|53||3-5-0-0-1-1||49280|
54|54||3-5-0-0-1-1||12320|
55|55||3-5-0-0-1-1||12320|
56|56||3-5-0-0-1-1||12320|
57|57||3-5-0-0-1-1||130000|
58|58||3-5-0-0-1-1||12320|
59|59||3-5-0-0-1-1||12500|
60|60||3-5-0-0-1-1||172200|
61|61||3-5-0-0-1-1||167900|
62|62||3-5-0-0-1-1||38840|
63|63||3-5-0-0-1-1||12320|
64|64||3-5-0-0-1-1||12320|
65|65||3-5-0-0-1-1||12320|
66|66||3-5-0-0-1-1||36960|
67|67||3-5-0-0-1-1||232436|
68|68||3-5-0-0-1-1||12620|
69|69||3-5-0-0-1-1||12320|
70|70||3-5-0-0-1-1||49480|
71|71||3-5-0-0-1-1||12320|
72|72||3-5-0-0-1-1||37060|
73|73||3-5-0-0-1-1||12320|
74|74||3-5-0-0-1-1||12320|
75|75||3-5-0-0-1-1||210800|
76|76||3-5-0-0-1-1||415500|
77|77||3-5-0-0-1-1||589074|
78|78||3-5-0-0-1-1||112100|
79|79||3-5-0-0-1-1||14000|
80|80||3-5-0-0-1-1||4171000|
81|81||3-5-0-0-1-1||12420|
82|82||3-5-0-0-1-1||202800|
83|83||3-5-0-0-1-1||341100|
84|84||3-5-0-0-1-1||411320|
85|85||3-5-0-0-1-1||152100|
86|86||3-5-0-0-1-1||12320|
87|87||3-5-0-0-1-1||257000|
88|88||3-5-0-0-1-1||12320|
89|89||3-5-0-0-1-1||494400|
90|90||3-5-0-0-1-1||12320|
91|91||3-5-0-0-1-1||347660|
92|92||3-5-0-0-1-1||126300|
93|93||3-5-0-0-1-1||822|
94|94||3-5-0-0-1-1||669600|
95|95||3-5-0-0-1-1||205550|
96|96||3-5-0-0-1-1||24740|
97|97||3-5-0-0-1-1||41000|
98|98||3-5-0-0-1-1||660000|
99|99||3-5-0-0-1-1||681600|
100|100||3-5-0-0-1-1||12320|
101|101||3-5-0-0-1-1||381500|
102|102||3-5-0-0-1-1||336900|
103|103||3-5-0-0-1-1||22500|
104|104||3-5-0-0-1-1||393300|
105|105||3-5-0-0-1-1||414800|
106|106||3-5-0-0-1-1||49560|
107|107||3-5-0-0-1-1||12320|
108|108||3-5-0-0-1-1||231000|
109|109||3-5-0-0-1-1||150100|
110|110||3-5-0-0-1-1||234130|
111|111||3-5-0-0-1-1||640260|
112|112||3-5-0-0-1-1||783600|
113|113||3-5-0-0-1-1||1786520|
114|114||3-5-0-0-1-1||29340|
115|115||3-5-0-0-1-1||117100|
116|116||3-5-0-0-1-1||761000|
117|117||3-5-0-0-1-1||476660|
118|118||3-5-0-0-1-1||24640|
119|119||3-5-0-0-1-1||137200|
120|120||3-5-0-0-1-1||162300|
121|121||3-5-0-0-1-1||2100|
122|122||3-5-0-0-1-1||168500|
123|123||3-5-0-0-1-1||12320|
124|124||3-5-0-0-1-1||12320|
125|125||3-5-0-0-1-1||24640|
126|126||3-5-0-0-1-1||708000|
127|127||3-5-0-0-1-1||20000|
128|128||3-5-0-0-1-1||40200|
129|129||3-5-0-0-1-1||12320|
130|130||3-5-0-0-1-1||111300|
131|131||3-5-0-0-1-1||25880|
132|132||3-5-0-0-1-1||12320|
133|133||3-5-0-0-1-1||112100|
134|134||3-5-0-0-1-1||25320|
135|135||3-5-0-0-1-1||307100|
136|136||3-5-0-0-1-1||295300|
137|137||3-5-0-0-1-1||15997|
138|138||3-5-0-0-1-1||160000|
139|139||3-5-0-0-1-1||8624|
140|140||3-5-0-0-1-1||5800|
141|141||3-5-0-0-1-1||5800|
142|142||3-5-0-0-1-1||18300|
143|143||3-5-0-0-1-1||5800|
144|144||3-5-0-0-1-1||5700|
145|145||3-5-0-0-1-1||5800|
146|146||3-5-0-0-1-1||148440|
147|147||3-5-0-0-1-1||153100|
148|148||3-5-0-0-1-1||32320|
149|149||3-5-0-0-1-1||12320|
150|150||3-5-0-0-1-1||12620|
151|151||3-5-0-0-1-1||11340|
152|152||3-5-0-0-1-1||24840|
153|153||3-5-0-0-1-1||24640|
154|154||3-5-0-0-1-1||12320|
155|155||3-5-0-0-1-1||31263|
156|156||3-5-0-0-1-1||70224|
157|157||3-5-0-0-1-1||12320|
158|158||3-5-0-0-1-1||24640|
159|159||3-5-0-0-1-1||1562660|
160|160||3-5-0-0-1-1||422100|
161|161||3-5-0-0-1-1||3100|
162|162||3-5-0-0-1-1||12400|
163|163||3-5-0-0-1-1||12500|
164|164||3-5-0-0-1-1||420|
165|165||3-5-0-0-1-1||252200|
166|166||3-5-0-0-1-1||12320|
167|167||3-5-0-0-1-1||12420|
168|168||3-5-0-0-1-1||46820|
169|169||3-5-0-0-1-1||4100|
170|170||3-5-0-0-1-1||12320|
171|171||3-5-0-0-1-1||24640|
172|172||3-5-0-0-1-1||22680|
173|173||3-5-0-0-1-1||24640|
174|174||3-5-0-0-1-1||16700|
175|175||3-5-0-0-1-1||12320|
176|176||3-5-0-0-1-1||64200|
177|177||3-5-0-0-1-1||468100|
178|178||3-5-0-0-1-1||12620|
179|179||3-5-0-0-1-1||126000|
180|180||3-5-0-0-1-1||28420|
181|181||3-5-0-0-1-1||21360|
182|182||3-5-0-0-1-1||29400|
183|183||3-5-0-0-1-1||12320|
184|184||3-5-0-0-1-1||10720|
185|185||3-5-0-0-1-1||12320|
186|186||3-5-0-0-1-1||69320|
187|187||3-5-0-0-1-1||24840|
188|188||3-5-0-0-1-1||23040|
189|189||3-5-0-0-1-1||12320|
190|190||3-5-0-0-1-1||24800|
191|191||3-5-0-0-1-1||67520|
192|192||3-5-0-0-1-1||60800|
193|193||3-5-0-0-1-1||61500|
194|194||3-5-0-0-1-1||12320|
195|195||3-5-0-0-1-1||146240|
196|196||3-5-0-0-1-1||24640|
197|197||3-5-0-0-1-1||114420|
198|198||3-5-0-0-1-1||140000|
199|199||3-5-0-0-1-1||12320|
200|200||3-5-0-0-1-1||752780|
