1|1||3-5-0-0-1-1||40440|
2|2||3-5-0-0-1-1||335236|
3|3||3-5-0-0-1-1||112000|
4|4||3-5-0-0-1-1||230640|
5|5||3-5-0-0-1-1||76740|
6|6||3-5-0-0-1-1||141140|
7|7||3-5-0-0-1-1||3100|
8|8||3-5-0-0-1-1||12320|
9|9||3-5-0-0-1-1||3500|
10|10||3-5-0-0-1-1||12720|
11|11||3-5-0-0-1-1||12720|
12|12||3-5-0-0-1-1||12320|
13|13||3-5-0-0-1-1||12320|
14|14||3-5-0-0-1-1||24740|
15|15||3-5-0-0-1-1||44260|
16|16||3-5-0-0-1-1||420|
17|17||3-5-0-0-1-1||36960|
18|18||3-5-0-0-1-1||40900|
19|19||3-5-0-0-1-1||45800|
20|20||3-5-0-0-1-1||47800|
21|21||3-5-0-0-1-1||50300|
22|22||3-5-0-0-1-1||4179200|
23|23||3-5-0-0-1-1||76860|
24|24||3-5-0-0-1-1||1274900|
25|25||3-5-0-0-1-1||12600|
26|26||3-5-0-0-1-1||13200|
27|27||3-5-0-0-1-1||12900|
28|28||3-5-0-0-1-1||561000|
29|29||3-5-0-0-1-1||66700|
30|30||3-5-0-0-1-1||514560|
31|31||3-5-0-0-1-1||168200|
32|32||3-5-0-0-1-1||1589280|
33|33||3-5-0-0-1-1||152260|
34|34||3-5-0-0-1-1||62700|
35|35||3-5-0-0-1-1||420560|
36|36||3-5-0-0-1-1||49280|
37|37||3-5-0-0-1-1||635160|
38|38||3-5-0-0-1-1||359100|
39|39||3-5-0-0-1-1||163740|
40|40||3-5-0-0-1-1||272280|
41|41||3-5-0-0-1-1||392040|
42|42||3-5-0-0-1-1||36900|
43|43||3-5-0-0-1-1||752200|
44|44||3-5-0-0-1-1||155600|
45|45||3-5-0-0-1-1||25400|
46|46||3-5-0-0-1-1||624900|
47|47||3-5-0-0-1-1||12320|
48|48||3-5-0-0-1-1||147600|
49|49||3-5-0-0-1-1||24600|
50|50||3-5-0-0-1-1||27600|
51|51||3-5-0-0-1-1||86344900|
52|52||3-5-0-0-1-1||176020|
53|53||3-5-0-0-1-1||1293660|
54|54||3-5-0-0-1-1||13000|
55|55||3-5-0-0-1-1||12600|
56|56||3-5-0-0-1-1||16300|
57|57||3-5-0-0-1-1||3720|
58|58||3-5-0-0-1-1||144000|
59|59||3-5-0-0-1-1||162500|
60|60||3-5-0-0-1-1||12300|
61|61||3-5-0-0-1-1||12320|
62|62||3-5-0-0-1-1||6167600|
63|63||3-5-0-0-1-1||80520|
64|64||3-5-0-0-1-1||5840|
65|65||3-5-0-0-1-1||12320|
66|66||3-5-0-0-1-1||61600|
67|67||3-5-0-0-1-1||12320|
68|68||3-5-0-0-1-1||24740|
69|69||3-5-0-0-1-1||12320|
70|70||3-5-0-0-1-1||11340|
71|71||3-5-0-0-1-1||74800|
72|72||3-5-0-0-1-1||7351700|
73|73||3-5-0-0-1-1||54600|
74|74||3-5-0-0-1-1||160160|
75|75||3-5-0-0-1-1||51764|
76|76||3-5-0-0-1-1||938000|
77|77||3-5-0-0-1-1||98400|
78|78||3-5-0-0-1-1||24840|
79|79||3-5-0-0-1-1||12320|
80|80||3-5-0-0-1-1||98560|
81|81||3-5-0-0-1-1||45000|
82|82||3-5-0-0-1-1||12320|
83|83||3-5-0-0-1-1||86240|
84|84||3-5-0-0-1-1||12620|
85|85||3-5-0-0-1-1||36960|
86|86||3-5-0-0-1-1||5890|
87|87||3-5-0-0-1-1||49700|
88|88||3-5-0-0-1-1||24640|
89|89||3-5-0-0-1-1||12420|
90|90||3-5-0-0-1-1||12320|
91|91||3-5-0-0-1-1||37120|
92|92||3-5-0-0-1-1||12420|
93|93||3-5-0-0-1-1||49480|
94|94||3-5-0-0-1-1||12320|
95|95||3-5-0-0-1-1||24740|
96|96||3-5-0-0-1-1||12320|
97|97||3-5-0-0-1-1||36960|
98|98||3-5-0-0-1-1||49420|
99|99||3-5-0-0-1-1||70000|
100|100||3-5-0-0-1-1||24640|
101|101||3-5-0-0-1-1||24640|
102|102||3-5-0-0-1-1||12320|
103|103||3-5-0-0-1-1||24640|
104|104||3-5-0-0-1-1||24740|
105|105||3-5-0-0-1-1||15560|
106|106||3-5-0-0-1-1||16300|
107|107||3-5-0-0-1-1||42800|
108|108||3-5-0-0-1-1||12800|
109|109||3-5-0-0-1-1||12900|
110|110||3-5-0-0-1-1||24640|
111|111||3-5-0-0-1-1||92100|
112|112||3-5-0-0-1-1||1900|
113|113||3-5-0-0-1-1||29400|
114|114||3-5-0-0-1-1||1400|
115|115||3-5-0-0-1-1||1900|
116|116||3-5-0-0-1-1||66900|
117|117||3-5-0-0-1-1||33800|
118|118||3-5-0-0-1-1||12320|
119|119||3-5-0-0-1-1||12300|
120|120||3-5-0-0-1-1||65800|
121|121||3-5-0-0-1-1||15000|
122|122||3-5-0-0-1-1||57100|
123|123||3-5-0-0-1-1||20540|
124|124||3-5-0-0-1-1||24840|
125|125||3-5-0-0-1-1||14060|
126|126||3-5-0-0-1-1||11340|
127|127||3-5-0-0-1-1||126240|
128|128||3-5-0-0-1-1||11018600|
129|129||3-5-0-0-1-1||133700|
130|130||3-5-0-0-1-1||12320|
131|131||3-5-0-0-1-1||38100|
132|132||3-5-0-0-1-1||17200|
133|133||3-5-0-0-1-1||97220|
134|134||3-5-0-0-1-1||548300|
135|135||3-5-0-0-1-1||12320|
136|136||3-5-0-0-1-1||12320|
137|137||3-5-0-0-1-1||172500|
138|138||3-5-0-0-1-1||12320|
139|139||3-5-0-0-1-1||139360|
140|140||3-5-0-0-1-1||276900|
141|141||3-5-0-0-1-1||840|
142|142||3-5-0-0-1-1||12320|
143|143||3-5-0-0-1-1||12620|
144|144||3-5-0-0-1-1||12920|
145|145||3-5-0-0-1-1||12600|
146|146||3-5-0-0-1-1||13000|
147|147||3-5-0-0-1-1||12600|
148|148||3-5-0-0-1-1||12300|
149|149||3-5-0-0-1-1||121100|
150|150||3-5-0-0-1-1||310200|
151|151||3-5-0-0-1-1||12300|
152|152||3-5-0-0-1-1||203600|
153|153||3-5-0-0-1-1||136520|
154|154||3-5-0-0-1-1||12320|
155|155||3-5-0-0-1-1||37060|
156|156||3-5-0-0-1-1||1355800|
157|157||3-5-0-0-1-1||2746800|
158|158||3-5-0-0-1-1||1396900|
159|159||3-5-0-0-1-1||7700|
160|160||3-5-0-0-1-1||110880|
161|161||3-5-0-0-1-1||61500|
162|162||3-5-0-0-1-1||24600|
163|163||3-5-0-0-1-1||289720|
164|164||3-5-0-0-1-1||205000|
165|165||3-5-0-0-1-1||12300|
166|166||3-5-0-0-1-1||78260460|
167|167||3-5-0-0-1-1||588000|
168|168||3-5-0-0-1-1||280000|
169|169||3-5-0-0-1-1||717200|
170|170||3-5-0-0-1-1||419620|
171|171||3-5-0-0-1-1||439700|
172|172||3-5-0-0-1-1||238960|
173|173||3-5-0-0-1-1||61600|
174|174||3-5-0-0-1-1||12320|
175|175||3-5-0-0-1-1||387200|
176|176||3-5-0-0-1-1||24000|
177|177||3-5-0-0-1-1||11100|
178|178||3-5-0-0-1-1||159100|
179|179||3-5-0-0-1-1||66600|
180|180||3-5-0-0-1-1||9791000|
181|181||3-5-0-0-1-1||7100|
182|182||3-5-0-0-1-1||13000|
183|183||3-5-0-0-1-1||420|
184|184||3-5-0-0-1-1||27720|
185|185||3-5-0-0-1-1||1255200|
186|186||3-5-0-0-1-1||18500|
187|187||3-5-0-0-1-1||12320|
188|188||3-5-0-0-1-1||12320|
189|189||3-5-0-0-1-1||840|
190|190||3-5-0-0-1-1||99200|
191|191||3-5-0-0-1-1||31220|
192|192||3-5-0-0-1-1||69400|
193|193||3-5-0-0-1-1||36960|
194|194||3-5-0-0-1-1||24740|
195|195||3-5-0-0-1-1||24640|
196|196||3-5-0-0-1-1||12300|
197|197||3-5-0-0-1-1||71800|
198|198||3-5-0-0-1-1||12320|
199|199||3-5-0-0-1-1||12320|
200|200||3-5-0-0-1-1||12320|
