1|1||3-5-0-0-1-1||12320|
2|2||3-5-0-0-1-1||129700|
3|3||3-5-0-0-1-1||80000|
4|4||3-5-0-0-1-1||140000|
5|5||3-5-0-0-1-1||12420|
6|6||3-5-0-0-1-1||24640|
7|7||3-5-0-0-1-1||24640|
8|8||3-5-0-0-1-1||24640|
9|9||3-5-0-0-1-1||24740|
10|10||3-5-0-0-1-1||247300|
11|11||3-5-0-0-1-1||36120|
12|12||3-5-0-0-1-1||66100|
13|13||3-5-0-0-1-1||15900|
14|14||3-5-0-0-1-1||12320|
15|15||3-5-0-0-1-1||12320|
16|16||3-5-0-0-1-1||92200|
17|17||3-5-0-0-1-1||93540|
18|18||3-5-0-0-1-1||12320|
19|19||3-5-0-0-1-1||49480|
20|20||3-5-0-0-1-1||6200|
21|21||3-5-0-0-1-1||49240|
22|22||3-5-0-0-1-1||327940|
23|23||3-5-0-0-1-1||140800|
24|24||3-5-0-0-1-1||2160|
25|25||3-5-0-0-1-1||12320|
26|26||3-5-0-0-1-1||8000|
27|27||3-5-0-0-1-1||7800|
28|28||3-5-0-0-1-1||12320|
29|29||3-5-0-0-1-1||292063|
30|30||3-5-0-0-1-1||12320|
31|31||3-5-0-0-1-1||18480|
32|32||3-5-0-0-1-1||12320|
33|33||3-5-0-0-1-1||12320|
34|34||3-5-0-0-1-1||12320|
35|35||3-5-0-0-1-1||26700|
36|36||3-5-0-0-1-1||12420|
37|37||3-5-0-0-1-1||18670|
38|38||3-5-0-0-1-1||18600|
39|39||3-5-0-0-1-1||3080|
40|40||3-5-0-0-1-1||411|
41|41||3-5-0-0-1-1||12320|
42|42||3-5-0-0-1-1||140000|
43|43||3-5-0-0-1-1||105447|
44|44||3-5-0-0-1-1||25040|
45|45||3-5-0-0-1-1||199641|
46|46||3-5-0-0-1-1||12320|
47|47||3-5-0-0-1-1||49280|
48|48||3-5-0-0-1-1||12320|
49|49||3-5-0-0-1-1||3300|
50|50||3-5-0-0-1-1||628900|
51|51||3-5-0-0-1-1||29300|
52|52||3-5-0-0-1-1||17000|
53|53||3-5-0-0-1-1||17500|
54|54||3-5-0-0-1-1||107800|
55|55||3-5-0-0-1-1||150100|
56|56||3-5-0-0-1-1||6200|
57|57||3-5-0-0-1-1||6400|
58|58||3-5-0-0-1-1||12320|
59|59||3-5-0-0-1-1||14000|
60|60||3-5-0-0-1-1||1300|
61|61||3-5-0-0-1-1||6200|
62|62||3-5-0-0-1-1||12420|
63|63||3-5-0-0-1-1||25000|
64|64||3-5-0-0-1-1||6160|
65|65||3-5-0-0-1-1||6200|
66|66||3-5-0-0-1-1||12320|
67|67||3-5-0-0-1-1||36960|
68|68||3-5-0-0-1-1||96940|
69|69||3-5-0-0-1-1||12320|
70|70||3-5-0-0-1-1||25060|
71|71||3-5-0-0-1-1||3080|
72|72||3-5-0-0-1-1||221200|
73|73||3-5-0-0-1-1||162700|
74|74||3-5-0-0-1-1||160000|
75|75||3-5-0-0-1-1||870700|
76|76||3-5-0-0-1-1||12320|
77|77||3-5-0-0-1-1||202600|
78|78||3-5-0-0-1-1||200000|
79|79||3-5-0-0-1-1||36960|
80|80||3-5-0-0-1-1||1086400|
81|81||3-5-0-0-1-1||600000|
82|82||3-5-0-0-1-1||1788600|
83|83||3-5-0-0-1-1||132000|
84|84||3-5-0-0-1-1||12400|
85|85||3-5-0-0-1-1||12320|
86|86||3-5-0-0-1-1||12320|
87|87||3-5-0-0-1-1||6200|
88|88||3-5-0-0-1-1||24640|
89|89||3-5-0-0-1-1||12900|
90|90||3-5-0-0-1-1||77820|
91|91||3-5-0-0-1-1||113020|
92|92||3-5-0-0-1-1||92300|
93|93||3-5-0-0-1-1||280100|
94|94||3-5-0-0-1-1||86100|
95|95||3-5-0-0-1-1||148260|
96|96||3-5-0-0-1-1||12320|
97|97||3-5-0-0-1-1||36960|
98|98||3-5-0-0-1-1||12420|
99|99||3-5-0-0-1-1||24640|
100|100||3-5-0-0-1-1||12740|
101|101||3-5-0-0-1-1||149900|
102|102||3-5-0-0-1-1||12420|
103|103||3-5-0-0-1-1||24700|
104|104||3-5-0-0-1-1||1740|
105|105||3-5-0-0-1-1||12320|
106|106||3-5-0-0-1-1||12320|
107|107||3-5-0-0-1-1||49280|
108|108||3-5-0-0-1-1||36960|
109|109||3-5-0-0-1-1||36960|
110|110||3-5-0-0-1-1||365900|
111|111||3-5-0-0-1-1||140000|
112|112||3-5-0-0-1-1||12420|
113|113||3-5-0-0-1-1||42640|
114|114||3-5-0-0-1-1||12320|
115|115||3-5-0-0-1-1||33400|
116|116||3-5-0-0-1-1||12420|
117|117||3-5-0-0-1-1||12420|
118|118||3-5-0-0-1-1||24740|
119|119||3-5-0-0-1-1||12320|
120|120||3-5-0-0-1-1||12320|
121|121||3-5-0-0-1-1||12320|
122|122||3-5-0-0-1-1||42840|
123|123||3-5-0-0-1-1||14400|
124|124||3-5-0-0-1-1||27940|
125|125||3-5-0-0-1-1||24740|
126|126||3-5-0-0-1-1||82620|
127|127||3-5-0-0-1-1||12320|
128|128||3-5-0-0-1-1||12320|
129|129||3-5-0-0-1-1||12320|
130|130||3-5-0-0-1-1||8292100|
131|131||3-5-0-0-1-1||12320|
132|132||3-5-0-0-1-1||48400|
133|133||3-5-0-0-1-1||240300|
134|134||3-5-0-0-1-1||284500|
135|135||3-5-0-0-1-1||24640|
136|136||3-5-0-0-1-1||320200|
137|137||3-5-0-0-1-1||33780|
138|138||3-5-0-0-1-1||49280|
139|139||3-5-0-0-1-1||112100|
140|140||3-5-0-0-1-1||3100|
141|141||3-5-0-0-1-1||200000|
142|142||3-5-0-0-1-1||313500|
143|143||3-5-0-0-1-1||49380|
144|144||3-5-0-0-1-1||25740|
145|145||3-5-0-0-1-1||13190|
146|146||3-5-0-0-1-1||12890|
147|147||3-5-0-0-1-1||25180|
148|148||3-5-0-0-1-1||13390|
149|149||3-5-0-0-1-1||24640|
150|150||3-5-0-0-1-1||25140|
151|151||3-5-0-0-1-1||24640|
152|152||3-5-0-0-1-1||78900|
153|153||3-5-0-0-1-1||304400|
154|154||3-5-0-0-1-1||6677100|
155|155||3-5-0-0-1-1||237540|
156|156||3-5-0-0-1-1||158000|
157|157||3-5-0-0-1-1||120000|
158|158||3-5-0-0-1-1||12400|
159|159||3-5-0-0-1-1||12320|
160|160||3-5-0-0-1-1||12300|
161|161||3-5-0-0-1-1||146100|
162|162||3-5-0-0-1-1||65680|
163|163||3-5-0-0-1-1||12320|
164|164||3-5-0-0-1-1||61600|
165|165||3-5-0-0-1-1||78820|
166|166||3-5-0-0-1-1||68866|
167|167||3-5-0-0-1-1||12320|
168|168||3-5-0-0-1-1||12320|
169|169||3-5-0-0-1-1||37060|
170|170||3-5-0-0-1-1||24740|
171|171||3-5-0-0-1-1||12320|
172|172||3-5-0-0-1-1||147840|
173|173||3-5-0-0-1-1||242000|
174|174||3-5-0-0-1-1||194400|
175|175||3-5-0-0-1-1||61800|
176|176||3-5-0-0-1-1||259920|
177|177||3-5-0-0-1-1||266820|
178|178||3-5-0-0-1-1||62100|
179|179||3-5-0-0-1-1||35220|
180|180||3-5-0-0-1-1||12320|
181|181||3-5-0-0-1-1||308000|
182|182||3-5-0-0-1-1||12320|
183|183||3-5-0-0-1-1||19300|
184|184||3-5-0-0-1-1||16000|
185|185||3-5-0-0-1-1||50100|
186|186||3-5-0-0-1-1||12320|
187|187||3-5-0-0-1-1||54208|
188|188||3-5-0-0-1-1||18480|
189|189||3-5-0-0-1-1||61600|
190|190||3-5-0-0-1-1||12320|
191|191||3-5-0-0-1-1||5366200|
192|192||3-5-0-0-1-1||539000|
193|193||3-5-0-0-1-1||112400|
194|194||3-5-0-0-1-1||616000|
195|195||3-5-0-0-1-1||165900|
196|196||3-5-0-0-1-1||258400|
197|197||3-5-0-0-1-1||3180|
198|198||3-5-0-0-1-1||168000|
199|199||3-5-0-0-1-1||459200|
200|200||3-5-0-0-1-1||38840|
