1|1||3-5-0-0-1-1||12140|
2|2||3-5-0-0-1-1||12340|
3|3||3-5-0-0-1-1||42020|
4|4||3-5-0-0-1-1||299700|
5|5||3-5-0-0-1-1||334800|
6|6||3-5-0-0-1-1||364680|
7|7||3-5-0-0-1-1||12320|
8|8||3-5-0-0-1-1||12420|
9|9||3-5-0-0-1-1||16300|
10|10||3-5-0-0-1-1||502360|
11|11||3-5-0-0-1-1||365269|
12|12||3-5-0-0-1-1||36960|
13|13||3-5-0-0-1-1||12420|
14|14||3-5-0-0-1-1||68380|
15|15||3-5-0-0-1-1||24640|
16|16||3-5-0-0-1-1||12420|
17|17||3-5-0-0-1-1||24840|
18|18||3-5-0-0-1-1||91720|
19|19||3-5-0-0-1-1||12320|
20|20||3-5-0-0-1-1||49480|
21|21||3-5-0-0-1-1||12320|
22|22||3-5-0-0-1-1||25600|
23|23||3-5-0-0-1-1||11640|
24|24||3-5-0-0-1-1||284200|
25|25||3-5-0-0-1-1||12320|
26|26||3-5-0-0-1-1||12320|
27|27||3-5-0-0-1-1||118200|
28|28||3-5-0-0-1-1||19000|
29|29||3-5-0-0-1-1||24840|
30|30||3-5-0-0-1-1||6150|
31|31||3-5-0-0-1-1||589400|
32|32||3-5-0-0-1-1||291700|
33|33||3-5-0-0-1-1||14540|
34|34||3-5-0-0-1-1||14140|
35|35||3-5-0-0-1-1||81780|
36|36||3-5-0-0-1-1||34300|
37|37||3-5-0-0-1-1||12500|
38|38||3-5-0-0-1-1||12320|
39|39||3-5-0-0-1-1||12420|
40|40||3-5-0-0-1-1||164000|
41|41||3-5-0-0-1-1||2112400|
42|42||3-5-0-0-1-1||3080|
43|43||3-5-0-0-1-1||28620|
44|44||3-5-0-0-1-1||19340|
45|45||3-5-0-0-1-1||12260|
46|46||3-5-0-0-1-1||101400|
47|47||3-5-0-0-1-1||24640|
48|48||3-5-0-0-1-1||12320|
49|49||3-5-0-0-1-1||107700|
50|50||3-5-0-0-1-1||187280|
51|51||3-5-0-0-1-1||192446|
52|52||3-5-0-0-1-1||61600|
53|53||3-5-0-0-1-1||44220|
54|54||3-5-0-0-1-1||111300|
55|55||3-5-0-0-1-1||84656|
56|56||3-5-0-0-1-1||15700|
57|57||3-5-0-0-1-1||15400|
58|58||3-5-0-0-1-1||16300|
59|59||3-5-0-0-1-1||16000|
60|60||3-5-0-0-1-1||11404000|
61|61||3-5-0-0-1-1||11400|
62|62||3-5-0-0-1-1||3166400|
63|63||3-5-0-0-1-1||18500|
64|64||3-5-0-0-1-1||6160|
65|65||3-5-0-0-1-1||24640|
66|66||3-5-0-0-1-1||12420|
67|67||3-5-0-0-1-1||61600|
68|68||3-5-0-0-1-1||784800|
69|69||3-5-0-0-1-1||24640|
70|70||3-5-0-0-1-1||12300|
71|71||3-5-0-0-1-1||12320|
72|72||3-5-0-0-1-1||12320|
73|73||3-5-0-0-1-1||332500|
74|74||3-5-0-0-1-1||9000|
75|75||3-5-0-0-1-1||12320|
76|76||3-5-0-0-1-1||2552920|
77|77||3-5-0-0-1-1||4186600|
78|78||3-5-0-0-1-1||18900|
79|79||3-5-0-0-1-1||12320|
80|80||3-5-0-0-1-1||12320|
81|81||3-5-0-0-1-1||12320|
82|82||3-5-0-0-1-1||96900|
83|83||3-5-0-0-1-1||36900|
84|84||3-5-0-0-1-1||106740|
85|85||3-5-0-0-1-1||24840|
86|86||3-5-0-0-1-1||12320|
87|87||3-5-0-0-1-1||12320|
88|88||3-5-0-0-1-1||12320|
89|89||3-5-0-0-1-1||12320|
90|90||3-5-0-0-1-1||2632100|
91|91||3-5-0-0-1-1||12320|
92|92||3-5-0-0-1-1||23300|
93|93||3-5-0-0-1-1||12320|
94|94||3-5-0-0-1-1||15000|
95|95||3-5-0-0-1-1||12420|
96|96||3-5-0-0-1-1||31920|
97|97||3-5-0-0-1-1||16100|
98|98||3-5-0-0-1-1||12320|
99|99||3-5-0-0-1-1||37960|
100|100||3-5-0-0-1-1||12420|
101|101||3-5-0-0-1-1||1531500|
102|102||3-5-0-0-1-1||47920|
103|103||3-5-0-0-1-1||30820|
104|104||3-5-0-0-1-1||14900|
105|105||3-5-0-0-1-1||70000|
106|106||3-5-0-0-1-1||698420|
107|107||3-5-0-0-1-1||34000|
108|108||3-5-0-0-1-1||4451900|
109|109||3-5-0-0-1-1||5614500|
110|110||3-5-0-0-1-1||4447460|
111|111||3-5-0-0-1-1||72100|
112|112||3-5-0-0-1-1||31935|
113|113||3-5-0-0-1-1||71790|
114|114||3-5-0-0-1-1||196400|
115|115||3-5-0-0-1-1||263300|
116|116||3-5-0-0-1-1||112100|
117|117||3-5-0-0-1-1||12320|
118|118||3-5-0-0-1-1||12320|
119|119||3-5-0-0-1-1||23580|
120|120||3-5-0-0-1-1||1011100|
121|121||3-5-0-0-1-1||130700|
122|122||3-5-0-0-1-1||25600|
123|123||3-5-0-0-1-1||24640|
124|124||3-5-0-0-1-1||196620|
125|125||3-5-0-0-1-1||1157100|
126|126||3-5-0-0-1-1||2562800|
127|127||3-5-0-0-1-1||24640|
128|128||3-5-0-0-1-1||65720|
129|129||3-5-0-0-1-1||44340|
130|130||3-5-0-0-1-1||45240|
131|131||3-5-0-0-1-1||30960|
132|132||3-5-0-0-1-1||150100|
133|133||3-5-0-0-1-1||29620|
134|134||3-5-0-0-1-1||49700|
135|135||3-5-0-0-1-1||8220|
136|136||3-5-0-0-1-1||195000|
137|137||3-5-0-0-1-1||182400|
138|138||3-5-0-0-1-1||100000|
139|139||3-5-0-0-1-1||5792000|
140|140||3-5-0-0-1-1||195680|
141|141||3-5-0-0-1-1||295900|
142|142||3-5-0-0-1-1||109920|
143|143||3-5-0-0-1-1||20000|
144|144||3-5-0-0-1-1||323540|
145|145||3-5-0-0-1-1||12320|
146|146||3-5-0-0-1-1||393900|
147|147||3-5-0-0-1-1||18600|
148|148||3-5-0-0-1-1||2356600|
149|149||3-5-0-0-1-1||975100|
150|150||3-5-0-0-1-1||480000|
151|151||3-5-0-0-1-1||12320|
152|152||3-5-0-0-1-1||403200|
153|153||3-5-0-0-1-1||43940|
154|154||3-5-0-0-1-1||2701700|
155|155||3-5-0-0-1-1||224200|
156|156||3-5-0-0-1-1||224200|
157|157||3-5-0-0-1-1||593580|
158|158||3-5-0-0-1-1||34300|
159|159||3-5-0-0-1-1||89700|
160|160||3-5-0-0-1-1||34600|
161|161||3-5-0-0-1-1||532200|
162|162||3-5-0-0-1-1||148600|
163|163||3-5-0-0-1-1||12320|
164|164||3-5-0-0-1-1||6160|
165|165||3-5-0-0-1-1||12420|
166|166||3-5-0-0-1-1||24640|
167|167||3-5-0-0-1-1||12320|
168|168||3-5-0-0-1-1||10384|
169|169||3-5-0-0-1-1||15723|
170|170||3-5-0-0-1-1||2160|
171|171||3-5-0-0-1-1||15331|
172|172||3-5-0-0-1-1||40140|
173|173||3-5-0-0-1-1||12300|
174|174||3-5-0-0-1-1||24700|
175|175||3-5-0-0-1-1||12320|
176|176||3-5-0-0-1-1||4107|
177|177||3-5-0-0-1-1||12320|
178|178||3-5-0-0-1-1||24640|
179|179||3-5-0-0-1-1||24740|
180|180||3-5-0-0-1-1||16900|
181|181||3-5-0-0-1-1||140640|
182|182||3-5-0-0-1-1||27700|
183|183||3-5-0-0-1-1||500|
184|184||3-5-0-0-1-1||12400|
185|185||3-5-0-0-1-1||36960|
186|186||3-5-0-0-1-1||61800|
187|187||3-5-0-0-1-1||73920|
188|188||3-5-0-0-1-1||9860|
189|189||3-5-0-0-1-1||111180|
190|190||3-5-0-0-1-1||12320|
191|191||3-5-0-0-1-1||15600|
192|192||3-5-0-0-1-1||24640|
193|193||3-5-0-0-1-1||14000|
194|194||3-5-0-0-1-1||12320|
195|195||3-5-0-0-1-1||6400|
196|196||3-5-0-0-1-1||6160|
197|197||3-5-0-0-1-1||71220|
198|198||3-5-0-0-1-1||3100|
199|199||3-5-0-0-1-1||15100|
200|200||3-5-0-0-1-1||12320|
