1|1||3-5-0-0-1-1||12320|
2|2||3-5-0-0-1-1||24640|
3|3||3-5-0-0-1-1||61600|
4|4||3-5-0-0-1-1||24640|
5|5||3-5-0-0-1-1||24640|
6|6||3-5-0-0-1-1||25200|
7|7||3-5-0-0-1-1||12320|
8|8||3-5-0-0-1-1||23600|
9|9||3-5-0-0-1-1||12320|
10|10||3-5-0-0-1-1||16700|
11|11||3-5-0-0-1-1||12320|
12|12||3-5-0-0-1-1||12620|
13|13||3-5-0-0-1-1||417407|
14|14||3-5-0-0-1-1||7000|
15|15||3-5-0-0-1-1||76680|
16|16||3-5-0-0-1-1||12320|
17|17||3-5-0-0-1-1||12320|
18|18||3-5-0-0-1-1||1678620|
19|19||3-5-0-0-1-1||240793320|
20|20||3-5-0-0-1-1||53049380|
21|21||3-5-0-0-1-1||141282460|
22|22||3-5-0-0-1-1||183620|
23|23||3-5-0-0-1-1||229240|
24|24||3-5-0-0-1-1||771020|
25|25||3-5-0-0-1-1||602900|
26|26||3-5-0-0-1-1||1088220|
27|27||3-5-0-0-1-1||176000|
28|28||3-5-0-0-1-1||12320|
29|29||3-5-0-0-1-1||59020|
30|30||3-5-0-0-1-1||599200|
31|31||3-5-0-0-1-1||134320|
32|32||3-5-0-0-1-1||12420|
33|33||3-5-0-0-1-1||360000|
34|34||3-5-0-0-1-1||154780|
35|35||3-5-0-0-1-1||176000|
36|36||3-5-0-0-1-1||19900|
37|37||3-5-0-0-1-1||16900|
38|38||3-5-0-0-1-1||16500|
39|39||3-5-0-0-1-1||9300|
40|40||3-5-0-0-1-1||251100|
41|41||3-5-0-0-1-1||1307288|
42|42||3-5-0-0-1-1||48120|
43|43||3-5-0-0-1-1||116500|
44|44||3-5-0-0-1-1||31920|
45|45||3-5-0-0-1-1||43600|
46|46||3-5-0-0-1-1||49240|
47|47||3-5-0-0-1-1||426320|
48|48||3-5-0-0-1-1||465400|
49|49||3-5-0-0-1-1||24740|
50|50||3-5-0-0-1-1||4940|
51|51||3-5-0-0-1-1||12420|
52|52||3-5-0-0-1-1||8540|
53|53||3-5-0-0-1-1||36960|
54|54||3-5-0-0-1-1||53900|
55|55||3-5-0-0-1-1||12320|
56|56||3-5-0-0-1-1||6200|
57|57||3-5-0-0-1-1||306600|
58|58||3-5-0-0-1-1||247900|
59|59||3-5-0-0-1-1||226200|
60|60||3-5-0-0-1-1||265500|
61|61||3-5-0-0-1-1||270900|
62|62||3-5-0-0-1-1||259100|
63|63||3-5-0-0-1-1||128200|
64|64||3-5-0-0-1-1||276400|
65|65||3-5-0-0-1-1||12320|
66|66||3-5-0-0-1-1||1821300|
67|67||3-5-0-0-1-1||13100|
68|68||3-5-0-0-1-1||57160|
69|69||3-5-0-0-1-1||12320|
70|70||3-5-0-0-1-1||98960|
71|71||3-5-0-0-1-1||12320|
72|72||3-5-0-0-1-1||683000|
73|73||3-5-0-0-1-1||262900|
74|74||3-5-0-0-1-1||59000|
75|75||3-5-0-0-1-1||12320|
76|76||3-5-0-0-1-1||12320|
77|77||3-5-0-0-1-1||12320|
78|78||3-5-0-0-1-1||128700|
79|79||3-5-0-0-1-1||12320|
80|80||3-5-0-0-1-1||12420|
81|81||3-5-0-0-1-1||12720|
82|82||3-5-0-0-1-1||19000|
83|83||3-5-0-0-1-1||12320|
84|84||3-5-0-0-1-1||12320|
85|85||3-5-0-0-1-1||11910|
86|86||3-5-0-0-1-1||260000|
87|87||3-5-0-0-1-1||363600|
88|88||3-5-0-0-1-1||23998420|
89|89||3-5-0-0-1-1||4345400|
90|90||3-5-0-0-1-1||362700|
91|91||3-5-0-0-1-1||122100|
92|92||3-5-0-0-1-1||80320|
93|93||3-5-0-0-1-1||306000|
94|94||3-5-0-0-1-1||772700|
95|95||3-5-0-0-1-1||371700|
96|96||3-5-0-0-1-1||265600|
97|97||3-5-0-0-1-1||9240|
98|98||3-5-0-0-1-1||12324|
99|99||3-5-0-0-1-1||12320|
100|100||3-5-0-0-1-1||615200|
101|101||3-5-0-0-1-1||666600|
102|102||3-5-0-0-1-1||556800|
103|103||3-5-0-0-1-1||200000|
104|104||3-5-0-0-1-1||49200|
105|105||3-5-0-0-1-1||10700|
106|106||3-5-0-0-1-1||24640|
107|107||3-5-0-0-1-1||14300|
108|108||3-5-0-0-1-1||2707000|
109|109||3-5-0-0-1-1||317900|
110|110||3-5-0-0-1-1||141600|
111|111||3-5-0-0-1-1||3012900|
112|112||3-5-0-0-1-1||4000|
113|113||3-5-0-0-1-1||3100|
114|114||3-5-0-0-1-1||250800|
115|115||3-5-0-0-1-1||37760|
116|116||3-5-0-0-1-1||15900|
117|117||3-5-0-0-1-1||16500|
118|118||3-5-0-0-1-1||16200|
119|119||3-5-0-0-1-1||35700|
120|120||3-5-0-0-1-1||550086|
121|121||3-5-0-0-1-1||13800|
122|122||3-5-0-0-1-1||27540|
123|123||3-5-0-0-1-1||12400|
124|124||3-5-0-0-1-1||6200|
125|125||3-5-0-0-1-1||73740|
126|126||3-5-0-0-1-1||25500|
127|127||3-5-0-0-1-1||56040|
128|128||3-5-0-0-1-1||12320|
129|129||3-5-0-0-1-1||15300|
130|130||3-5-0-0-1-1||21400|
131|131||3-5-0-0-1-1||12320|
132|132||3-5-0-0-1-1||24740|
133|133||3-5-0-0-1-1||12320|
134|134||3-5-0-0-1-1||18900|
135|135||3-5-0-0-1-1||24600|
136|136||3-5-0-0-1-1||37500|
137|137||3-5-0-0-1-1||12300|
138|138||3-5-0-0-1-1||29700|
139|139||3-5-0-0-1-1||27600|
140|140||3-5-0-0-1-1||24640|
141|141||3-5-0-0-1-1||28000|
142|142||3-5-0-0-1-1||37100|
143|143||3-5-0-0-1-1||12320|
144|144||3-5-0-0-1-1||12320|
145|145||3-5-0-0-1-1||12320|
146|146||3-5-0-0-1-1||24740|
147|147||3-5-0-0-1-1||11100|
148|148||3-5-0-0-1-1||84300|
149|149||3-5-0-0-1-1||18480|
150|150||3-5-0-0-1-1||24640|
151|151||3-5-0-0-1-1||201000|
152|152||3-5-0-0-1-1||171840|
153|153||3-5-0-0-1-1||235000|
154|154||3-5-0-0-1-1||558440|
155|155||3-5-0-0-1-1||157800|
156|156||3-5-0-0-1-1||327600|
157|157||3-5-0-0-1-1||408800|
158|158||3-5-0-0-1-1||110880|
159|159||3-5-0-0-1-1||12320|
160|160||3-5-0-0-1-1||260000|
161|161||3-5-0-0-1-1||3100|
162|162||3-5-0-0-1-1||12800|
163|163||3-5-0-0-1-1||12320|
164|164||3-5-0-0-1-1||112120|
165|165||3-5-0-0-1-1||352620|
166|166||3-5-0-0-1-1||5196700|
167|167||3-5-0-0-1-1||27900|
168|168||3-5-0-0-1-1||77300|
169|169||3-5-0-0-1-1||709880|
170|170||3-5-0-0-1-1||534100|
171|171||3-5-0-0-1-1||140000|
172|172||3-5-0-0-1-1||210000|
173|173||3-5-0-0-1-1||45960|
174|174||3-5-0-0-1-1||12320|
175|175||3-5-0-0-1-1||12320|
176|176||3-5-0-0-1-1||90640|
177|177||3-5-0-0-1-1||124720|
178|178||3-5-0-0-1-1||160900|
179|179||3-5-0-0-1-1||24640|
180|180||3-5-0-0-1-1||12320|
181|181||3-5-0-0-1-1||103800|
182|182||3-5-0-0-1-1||12320|
183|183||3-5-0-0-1-1||12700|
184|184||3-5-0-0-1-1||59400|
185|185||3-5-0-0-1-1||58620|
186|186||3-5-0-0-1-1||12320|
187|187||3-5-0-0-1-1||12320|
188|188||3-5-0-0-1-1||12720|
189|189||3-5-0-0-1-1||12320|
190|190||3-5-0-0-1-1||26520|
191|191||3-5-0-0-1-1||18920|
192|192||3-5-0-0-1-1||12420|
193|193||3-5-0-0-1-1||24640|
194|194||3-5-0-0-1-1||67300|
195|195||3-5-0-0-1-1||2551260|
196|196||3-5-0-0-1-1||3100|
197|197||3-5-0-0-1-1||143200|
198|198||3-5-0-0-1-1||36960|
199|199||3-5-0-0-1-1||165088|
200|200||3-5-0-0-1-1||15000|
