1|1||3-5-0-0-1-1||12300|
2|2||3-5-0-0-1-1||12300|
3|3||3-5-0-0-1-1||12300|
4|4||3-5-0-0-1-1||12320|
5|5||3-5-0-0-1-1||95960|
6|6||3-5-0-0-1-1||12400|
7|7||3-5-0-0-1-1||12320|
8|8||3-5-0-0-1-1||51000|
9|9||3-5-0-0-1-1||283840|
10|10||3-5-0-0-1-1||283840|
11|11||3-5-0-0-1-1||303880|
12|12||3-5-0-0-1-1||20944|
13|13||3-5-0-0-1-1||12320|
14|14||3-5-0-0-1-1||12320|
15|15||3-5-0-0-1-1||12320|
16|16||3-5-0-0-1-1||36960|
17|17||3-5-0-0-1-1||99802|
18|18||3-5-0-0-1-1||30829|
19|19||3-5-0-0-1-1||388000|
20|20||3-5-0-0-1-1||17400|
21|21||3-5-0-0-1-1||24640|
22|22||3-5-0-0-1-1||72520|
23|23||3-5-0-0-1-1||12320|
24|24||3-5-0-0-1-1||24000|
25|25||3-5-0-0-1-1||196000|
26|26||3-5-0-0-1-1||37260|
27|27||3-5-0-0-1-1||37560|
28|28||3-5-0-0-1-1||32800|
29|29||3-5-0-0-1-1||31800|
30|30||3-5-0-0-1-1||28200|
31|31||3-5-0-0-1-1||27520|
32|32||3-5-0-0-1-1||28920|
33|33||3-5-0-0-1-1||28900|
34|34||3-5-0-0-1-1||31100|
35|35||3-5-0-0-1-1||30900|
36|36||3-5-0-0-1-1||197120|
37|37||3-5-0-0-1-1||234080|
38|38||3-5-0-0-1-1||15000|
39|39||3-5-0-0-1-1||54500|
40|40||3-5-0-0-1-1||234080|
41|41||3-5-0-0-1-1||58920|
42|42||3-5-0-0-1-1||12320|
43|43||3-5-0-0-1-1||63280|
44|44||3-5-0-0-1-1||25440|
45|45||3-5-0-0-1-1||59320|
46|46||3-5-0-0-1-1||24640|
47|47||3-5-0-0-1-1||160960|
48|48||3-5-0-0-1-1||12320|
49|49||3-5-0-0-1-1||12420|
50|50||3-5-0-0-1-1||61600|
51|51||3-5-0-0-1-1||6793|
52|52||3-5-0-0-1-1||12320|
53|53||3-5-0-0-1-1||12320|
54|54||3-5-0-0-1-1||24600|
55|55||3-5-0-0-1-1||420|
56|56||3-5-0-0-1-1||82600|
57|57||3-5-0-0-1-1||12320|
58|58||3-5-0-0-1-1||12320|
59|59||3-5-0-0-1-1||16000|
60|60||3-5-0-0-1-1||12320|
61|61||3-5-0-0-1-1||24840|
62|62||3-5-0-0-1-1||24640|
63|63||3-5-0-0-1-1||12740|
64|64||3-5-0-0-1-1||12320|
65|65||3-5-0-0-1-1||90720|
66|66||3-5-0-0-1-1||24640|
67|67||3-5-0-0-1-1||822|
68|68||3-5-0-0-1-1||24229|
69|69||3-5-0-0-1-1||12320|
70|70||3-5-0-0-1-1||49280|
71|71||3-5-0-0-1-1||12500|
72|72||3-5-0-0-1-1||12420|
73|73||3-5-0-0-1-1||241000|
74|74||3-5-0-0-1-1||371560|
75|75||3-5-0-0-1-1||56600|
76|76||3-5-0-0-1-1||60800|
77|77||3-5-0-0-1-1||1173620|
78|78||3-5-0-0-1-1||1562000|
79|79||3-5-0-0-1-1||1214400|
80|80||3-5-0-0-1-1||1233320|
81|81||3-5-0-0-1-1||500700|
82|82||3-5-0-0-1-1||12420|
83|83||3-5-0-0-1-1||12320|
84|84||3-5-0-0-1-1||136020|
85|85||3-5-0-0-1-1||24740|
86|86||3-5-0-0-1-1||24640|
87|87||3-5-0-0-1-1||3861800|
88|88||3-5-0-0-1-1||12320|
89|89||3-5-0-0-1-1||25400|
90|90||3-5-0-0-1-1||2400|
91|91||3-5-0-0-1-1||434860|
92|92||3-5-0-0-1-1||284883|
93|93||3-5-0-0-1-1||110700|
94|94||3-5-0-0-1-1||12320|
95|95||3-5-0-0-1-1||4100|
96|96||3-5-0-0-1-1||204000|
97|97||3-5-0-0-1-1||600120|
98|98||3-5-0-0-1-1||18400|
99|99||3-5-0-0-1-1||14804|
100|100||3-5-0-0-1-1||12420|
101|101||3-5-0-0-1-1||162000|
102|102||3-5-0-0-1-1||599700|
103|103||3-5-0-0-1-1||552200|
104|104||3-5-0-0-1-1||952700|
105|105||3-5-0-0-1-1||12320|
106|106||3-5-0-0-1-1||112100|
107|107||3-5-0-0-1-1||1440000|
108|108||3-5-0-0-1-1||340100|
109|109||3-5-0-0-1-1||228800|
110|110||3-5-0-0-1-1||12300|
111|111||3-5-0-0-1-1||64200|
112|112||3-5-0-0-1-1||335500|
113|113||3-5-0-0-1-1||32000|
114|114||3-5-0-0-1-1||59000|
115|115||3-5-0-0-1-1||18500|
116|116||3-5-0-0-1-1||511300|
117|117||3-5-0-0-1-1||25100|
118|118||3-5-0-0-1-1||145100|
119|119||3-5-0-0-1-1||12320|
120|120||3-5-0-0-1-1||14100|
121|121||3-5-0-0-1-1||12300|
122|122||3-5-0-0-1-1||52275|
123|123||3-5-0-0-1-1||441260|
124|124||3-5-0-0-1-1||392860|
125|125||3-5-0-0-1-1||24640|
126|126||3-5-0-0-1-1||24640|
127|127||3-5-0-0-1-1||24740|
128|128||3-5-0-0-1-1||242000|
129|129||3-5-0-0-1-1||167520|
130|130||3-5-0-0-1-1||162400|
131|131||3-5-0-0-1-1||19500|
132|132||3-5-0-0-1-1||1308114|
133|133||3-5-0-0-1-1||986900|
134|134||3-5-0-0-1-1||24640|
135|135||3-5-0-0-1-1||3230400|
136|136||3-5-0-0-1-1||43500|
137|137||3-5-0-0-1-1||12920|
138|138||3-5-0-0-1-1||12320|
139|139||3-5-0-0-1-1||12320|
140|140||3-5-0-0-1-1||24740|
141|141||3-5-0-0-1-1||40700|
142|142||3-5-0-0-1-1||49280|
143|143||3-5-0-0-1-1||69300|
144|144||3-5-0-0-1-1||107300|
145|145||3-5-0-0-1-1||252000|
146|146||3-5-0-0-1-1||24740|
147|147||3-5-0-0-1-1||27640|
148|148||3-5-0-0-1-1||12600|
149|149||3-5-0-0-1-1||19120|
150|150||3-5-0-0-1-1||35920|
151|151||3-5-0-0-1-1||24820|
152|152||3-5-0-0-1-1||12320|
153|153||3-5-0-0-1-1||16480|
154|154||3-5-0-0-1-1||37200|
155|155||3-5-0-0-1-1||24640|
156|156||3-5-0-0-1-1||64700|
157|157||3-5-0-0-1-1||40920|
158|158||3-5-0-0-1-1||12320|
159|159||3-5-0-0-1-1||36960|
160|160||3-5-0-0-1-1||40200|
161|161||3-5-0-0-1-1||27200|
162|162||3-5-0-0-1-1||85100|
163|163||3-5-0-0-1-1||24740|
164|164||3-5-0-0-1-1||232600|
165|165||3-5-0-0-1-1||24740|
166|166||3-5-0-0-1-1||40440|
167|167||3-5-0-0-1-1||335236|
168|168||3-5-0-0-1-1||112000|
169|169||3-5-0-0-1-1||230640|
170|170||3-5-0-0-1-1||76740|
171|171||3-5-0-0-1-1||141140|
172|172||3-5-0-0-1-1||3100|
173|173||3-5-0-0-1-1||12320|
174|174||3-5-0-0-1-1||3500|
175|175||3-5-0-0-1-1||12720|
176|176||3-5-0-0-1-1||12720|
177|177||3-5-0-0-1-1||12320|
178|178||3-5-0-0-1-1||12320|
179|179||3-5-0-0-1-1||24740|
180|180||3-5-0-0-1-1||44260|
181|181||3-5-0-0-1-1||420|
182|182||3-5-0-0-1-1||36960|
183|183||3-5-0-0-1-1||40900|
184|184||3-5-0-0-1-1||45800|
185|185||3-5-0-0-1-1||47800|
186|186||3-5-0-0-1-1||50300|
187|187||3-5-0-0-1-1||4179200|
188|188||3-5-0-0-1-1||76860|
189|189||3-5-0-0-1-1||1274900|
190|190||3-5-0-0-1-1||12600|
191|191||3-5-0-0-1-1||13200|
192|192||3-5-0-0-1-1||12900|
193|193||3-5-0-0-1-1||561000|
194|194||3-5-0-0-1-1||66700|
195|195||3-5-0-0-1-1||514560|
196|196||3-5-0-0-1-1||168200|
197|197||3-5-0-0-1-1||1589280|
198|198||3-5-0-0-1-1||152260|
199|199||3-5-0-0-1-1||62700|
200|200||3-5-0-0-1-1||420560|
