1|1||3-5-0-0-1-1||6600|
2|2||3-5-0-0-1-1||72600|
3|3||3-5-0-0-1-1||213100|
4|4||3-5-0-0-1-1||24600|
5|5||3-5-0-0-1-1||288000|
6|6||3-5-0-0-1-1||135520|
7|7||3-5-0-0-1-1||4819100|
8|8||3-5-0-0-1-1||6500|
9|9||3-5-0-0-1-1||12320|
10|10||3-5-0-0-1-1||620400|
11|11||3-5-0-0-1-1||12420|
12|12||3-5-0-0-1-1||12320|
13|13||3-5-0-0-1-1||12320|
14|14||3-5-0-0-1-1||11200|
15|15||3-5-0-0-1-1||24640|
16|16||3-5-0-0-1-1||12320|
17|17||3-5-0-0-1-1||12320|
18|18||3-5-0-0-1-1||49380|
19|19||3-5-0-0-1-1||24640|
20|20||3-5-0-0-1-1||6200|
21|21||3-5-0-0-1-1||36960|
22|22||3-5-0-0-1-1||83786|
23|23||3-5-0-0-1-1||12320|
24|24||3-5-0-0-1-1||49400|
25|25||3-5-0-0-1-1||42380|
26|26||3-5-0-0-1-1||12920|
27|27||3-5-0-0-1-1||12320|
28|28||3-5-0-0-1-1||13600|
29|29||3-5-0-0-1-1||88560|
30|30||3-5-0-0-1-1||12420|
31|31||3-5-0-0-1-1||12320|
32|32||3-5-0-0-1-1||12320|
33|33||3-5-0-0-1-1||12320|
34|34||3-5-0-0-1-1||98560|
35|35||3-5-0-0-1-1||68220|
36|36||3-5-0-0-1-1||8220|
37|37||3-5-0-0-1-1||18300|
38|38||3-5-0-0-1-1||12320|
39|39||3-5-0-0-1-1||2109300|
40|40||3-5-0-0-1-1||25100|
41|41||3-5-0-0-1-1||12420|
42|42||3-5-0-0-1-1||36900|
43|43||3-5-0-0-1-1||12320|
44|44||3-5-0-0-1-1||126000|
45|45||3-5-0-0-1-1||160000|
46|46||3-5-0-0-1-1||12400|
47|47||3-5-0-0-1-1||13600|
48|48||3-5-0-0-1-1||12620|
49|49||3-5-0-0-1-1||12320|
50|50||3-5-0-0-1-1||12320|
51|51||3-5-0-0-1-1||12320|
52|52||3-5-0-0-1-1||30390|
53|53||3-5-0-0-1-1||12500|
54|54||3-5-0-0-1-1||3100|
55|55||3-5-0-0-1-1||3200|
56|56||3-5-0-0-1-1||3200|
57|57||3-5-0-0-1-1||3300|
58|58||3-5-0-0-1-1||12300|
59|59||3-5-0-0-1-1||12300|
60|60||3-5-0-0-1-1||12400|
61|61||3-5-0-0-1-1||12300|
62|62||3-5-0-0-1-1||26100|
63|63||3-5-0-0-1-1||26700|
64|64||3-5-0-0-1-1||15000|
65|65||3-5-0-0-1-1||12400|
66|66||3-5-0-0-1-1||28000|
67|67||3-5-0-0-1-1||58400|
68|68||3-5-0-0-1-1||36900|
69|69||3-5-0-0-1-1||37600|
70|70||3-5-0-0-1-1||19100|
71|71||3-5-0-0-1-1||12400|
72|72||3-5-0-0-1-1||49200|
73|73||3-5-0-0-1-1||31700|
74|74||3-5-0-0-1-1||49200|
75|75||3-5-0-0-1-1||12300|
76|76||3-5-0-0-1-1||22600|
77|77||3-5-0-0-1-1||8000|
78|78||3-5-0-0-1-1||31200|
79|79||3-5-0-0-1-1||14500|
80|80||3-5-0-0-1-1||16000|
81|81||3-5-0-0-1-1||49200|
82|82||3-5-0-0-1-1||24600|
83|83||3-5-0-0-1-1||37100|
84|84||3-5-0-0-1-1||9200|
85|85||3-5-0-0-1-1||13400|
86|86||3-5-0-0-1-1||12300|
87|87||3-5-0-0-1-1||36900|
88|88||3-5-0-0-1-1||44800|
89|89||3-5-0-0-1-1||12300|
90|90||3-5-0-0-1-1||12300|
91|91||3-5-0-0-1-1||36000|
92|92||3-5-0-0-1-1||32420|
93|93||3-5-0-0-1-1||49200|
94|94||3-5-0-0-1-1||396000|
95|95||3-5-0-0-1-1||6000|
96|96||3-5-0-0-1-1||92600|
97|97||3-5-0-0-1-1||154317|
98|98||3-5-0-0-1-1||212700|
99|99||3-5-0-0-1-1||112572|
100|100||3-5-0-0-1-1||29120|
101|101||3-5-0-0-1-1||197605|
102|102||3-5-0-0-1-1||18640|
103|103||3-5-0-0-1-1||36960|
104|104||3-5-0-0-1-1||132360|
105|105||3-5-0-0-1-1||12320|
106|106||3-5-0-0-1-1||12320|
107|107||3-5-0-0-1-1||12320|
108|108||3-5-0-0-1-1||12320|
109|109||3-5-0-0-1-1||12420|
110|110||3-5-0-0-1-1||12320|
111|111||3-5-0-0-1-1||12620|
112|112||3-5-0-0-1-1||12320|
113|113||3-5-0-0-1-1||12320|
114|114||3-5-0-0-1-1||12400|
115|115||3-5-0-0-1-1||12400|
116|116||3-5-0-0-1-1||4000|
117|117||3-5-0-0-1-1||12320|
118|118||3-5-0-0-1-1||15300|
119|119||3-5-0-0-1-1||12320|
120|120||3-5-0-0-1-1||9300|
121|121||3-5-0-0-1-1||24740|
122|122||3-5-0-0-1-1||12320|
123|123||3-5-0-0-1-1||12320|
124|124||3-5-0-0-1-1||32420|
125|125||3-5-0-0-1-1||4107|
126|126||3-5-0-0-1-1||12320|
127|127||3-5-0-0-1-1||12420|
128|128||3-5-0-0-1-1||41168|
129|129||3-5-0-0-1-1||12320|
130|130||3-5-0-0-1-1||12620|
131|131||3-5-0-0-1-1||12320|
132|132||3-5-0-0-1-1||24640|
133|133||3-5-0-0-1-1||287400|
134|134||3-5-0-0-1-1||24000|
135|135||3-5-0-0-1-1||12320|
136|136||3-5-0-0-1-1||36960|
137|137||3-5-0-0-1-1||36960|
138|138||3-5-0-0-1-1||20100|
139|139||3-5-0-0-1-1||12400|
140|140||3-5-0-0-1-1||12300|
141|141||3-5-0-0-1-1||308000|
142|142||3-5-0-0-1-1||34440|
143|143||3-5-0-0-1-1||206200|
144|144||3-5-0-0-1-1||15000|
145|145||3-5-0-0-1-1||111280|
146|146||3-5-0-0-1-1||46300|
147|147||3-5-0-0-1-1||215000|
148|148||3-5-0-0-1-1||100600|
149|149||3-5-0-0-1-1||82000|
150|150||3-5-0-0-1-1||252200|
151|151||3-5-0-0-1-1||143220|
152|152||3-5-0-0-1-1||68180|
153|153||3-5-0-0-1-1||670100|
154|154||3-5-0-0-1-1||29700|
155|155||3-5-0-0-1-1||55100|
156|156||3-5-0-0-1-1||33800|
157|157||3-5-0-0-1-1||15700|
158|158||3-5-0-0-1-1||117580|
159|159||3-5-0-0-1-1||12300|
160|160||3-5-0-0-1-1||12300|
161|161||3-5-0-0-1-1||308000|
162|162||3-5-0-0-1-1||258720|
163|163||3-5-0-0-1-1||25600|
164|164||3-5-0-0-1-1||111280|
165|165||3-5-0-0-1-1||49620|
166|166||3-5-0-0-1-1||16700|
167|167||3-5-0-0-1-1||12420|
168|168||3-5-0-0-1-1||12420|
169|169||3-5-0-0-1-1||61800|
170|170||3-5-0-0-1-1||12320|
171|171||3-5-0-0-1-1||24640|
172|172||3-5-0-0-1-1||295680|
173|173||3-5-0-0-1-1||12320|
174|174||3-5-0-0-1-1||1888140|
175|175||3-5-0-0-1-1||12911000|
176|176||3-5-0-0-1-1||26000|
177|177||3-5-0-0-1-1||71920|
178|178||3-5-0-0-1-1||12320|
179|179||3-5-0-0-1-1||110240|
180|180||3-5-0-0-1-1||172820|
181|181||3-5-0-0-1-1||3900|
182|182||3-5-0-0-1-1||863600|
183|183||3-5-0-0-1-1||50380|
184|184||3-5-0-0-1-1||36960|
185|185||3-5-0-0-1-1||12300|
186|186||3-5-0-0-1-1||353600|
187|187||3-5-0-0-1-1||12320|
188|188||3-5-0-0-1-1||3080|
189|189||3-5-0-0-1-1||170000|
190|190||3-5-0-0-1-1||164100|
191|191||3-5-0-0-1-1||72000|
192|192||3-5-0-0-1-1||24640|
193|193||3-5-0-0-1-1||15220|
194|194||3-5-0-0-1-1||24740|
195|195||3-5-0-0-1-1||49380|
196|196||3-5-0-0-1-1||12300|
197|197||3-5-0-0-1-1||12320|
198|198||3-5-0-0-1-1||12620|
199|199||3-5-0-0-1-1||12320|
200|200||3-5-0-0-1-1||12320|
