1|1||3-5-0-0-1-1||12300|
2|2||3-5-0-0-1-1||12320|
3|3||3-5-0-0-1-1||36960|
4|4||3-5-0-0-1-1||500468|
5|5||3-5-0-0-1-1||61800|
6|6||3-5-0-0-1-1||24740|
7|7||3-5-0-0-1-1||28000|
8|8||3-5-0-0-1-1||12320|
9|9||3-5-0-0-1-1||20000|
10|10||3-5-0-0-1-1||12320|
11|11||3-5-0-0-1-1||32520|
12|12||3-5-0-0-1-1||24640|
13|13||3-5-0-0-1-1||34620|
14|14||3-5-0-0-1-1||104960|
15|15||3-5-0-0-1-1||36960|
16|16||3-5-0-0-1-1||36960|
17|17||3-5-0-0-1-1||74320|
18|18||3-5-0-0-1-1||393780|
19|19||3-5-0-0-1-1||12320|
20|20||3-5-0-0-1-1||24640|
21|21||3-5-0-0-1-1||31000|
22|22||3-5-0-0-1-1||12320|
23|23||3-5-0-0-1-1||12271|
24|24||3-5-0-0-1-1||49280|
25|25||3-5-0-0-1-1||13000|
26|26||3-5-0-0-1-1||133505|
27|27||3-5-0-0-1-1||184800|
28|28||3-5-0-0-1-1||209440|
29|29||3-5-0-0-1-1||98980|
30|30||3-5-0-0-1-1||49200|
31|31||3-5-0-0-1-1||12300|
32|32||3-5-0-0-1-1||200000|
33|33||3-5-0-0-1-1||24640|
34|34||3-5-0-0-1-1||12320|
35|35||3-5-0-0-1-1||11610|
36|36||3-5-0-0-1-1||12320|
37|37||3-5-0-0-1-1||12320|
38|38||3-5-0-0-1-1||12520|
39|39||3-5-0-0-1-1||15000|
40|40||3-5-0-0-1-1||12400|
41|41||3-5-0-0-1-1||60950|
42|42||3-5-0-0-1-1||70640|
43|43||3-5-0-0-1-1||105400|
44|44||3-5-0-0-1-1||25200|
45|45||3-5-0-0-1-1||101620|
46|46||3-5-0-0-1-1||618620|
47|47||3-5-0-0-1-1||18200|
48|48||3-5-0-0-1-1||73800|
49|49||3-5-0-0-1-1||108500|
50|50||3-5-0-0-1-1||285640|
51|51||3-5-0-0-1-1||20000|
52|52||3-5-0-0-1-1||28300|
53|53||3-5-0-0-1-1||29100|
54|54||3-5-0-0-1-1||309340|
55|55||3-5-0-0-1-1||1808520|
56|56||3-5-0-0-1-1||61600|
57|57||3-5-0-0-1-1||61600|
58|58||3-5-0-0-1-1||169400|
59|59||3-5-0-0-1-1||12320|
60|60||3-5-0-0-1-1||1511500|
61|61||3-5-0-0-1-1||280700|
62|62||3-5-0-0-1-1||508200|
63|63||3-5-0-0-1-1||153600|
64|64||3-5-0-0-1-1||6200|
65|65||3-5-0-0-1-1||38480|
66|66||3-5-0-0-1-1||703800|
67|67||3-5-0-0-1-1||18700|
68|68||3-5-0-0-1-1||13993400|
69|69||3-5-0-0-1-1||419530|
70|70||3-5-0-0-1-1||500|
71|71||3-5-0-0-1-1||19000|
72|72||3-5-0-0-1-1||285000|
73|73||3-5-0-0-1-1||386200|
74|74||3-5-0-0-1-1||160000|
75|75||3-5-0-0-1-1||3200|
76|76||3-5-0-0-1-1||71403000|
77|77||3-5-0-0-1-1||556400|
78|78||3-5-0-0-1-1||357200|
79|79||3-5-0-0-1-1||37400|
80|80||3-5-0-0-1-1||120500|
81|81||3-5-0-0-1-1||139020|
82|82||3-5-0-0-1-1||78400|
83|83||3-5-0-0-1-1||135700|
84|84||3-5-0-0-1-1||32420|
85|85||3-5-0-0-1-1||107700|
86|86||3-5-0-0-1-1||150800|
87|87||3-5-0-0-1-1||137000|
88|88||3-5-0-0-1-1||12000|
89|89||3-5-0-0-1-1||12420|
90|90||3-5-0-0-1-1||150000|
91|91||3-5-0-0-1-1||440000|
92|92||3-5-0-0-1-1||12320|
93|93||3-5-0-0-1-1||12320|
94|94||3-5-0-0-1-1||12320|
95|95||3-5-0-0-1-1||61600|
96|96||3-5-0-0-1-1||1240|
97|97||3-5-0-0-1-1||270240|
98|98||3-5-0-0-1-1||12420|
99|99||3-5-0-0-1-1||9940|
100|100||3-5-0-0-1-1||6200|
101|101||3-5-0-0-1-1||197280|
102|102||3-5-0-0-1-1||14000|
103|103||3-5-0-0-1-1||12000|
104|104||3-5-0-0-1-1||3245|
105|105||3-5-0-0-1-1||5100|
106|106||3-5-0-0-1-1||12320|
107|107||3-5-0-0-1-1||12320|
108|108||3-5-0-0-1-1||86540|
109|109||3-5-0-0-1-1||12620|
110|110||3-5-0-0-1-1||12320|
111|111||3-5-0-0-1-1||12320|
112|112||3-5-0-0-1-1||12620|
113|113||3-5-0-0-1-1||60400|
114|114||3-5-0-0-1-1||12320|
115|115||3-5-0-0-1-1||37160|
116|116||3-5-0-0-1-1||14900|
117|117||3-5-0-0-1-1||5600|
118|118||3-5-0-0-1-1||12420|
119|119||3-5-0-0-1-1||12320|
120|120||3-5-0-0-1-1||3500|
121|121||3-5-0-0-1-1||29500|
122|122||3-5-0-0-1-1||3100|
123|123||3-5-0-0-1-1||9440|
124|124||3-5-0-0-1-1||24640|
125|125||3-5-0-0-1-1||12720|
126|126||3-5-0-0-1-1||6200|
127|127||3-5-0-0-1-1||73920|
128|128||3-5-0-0-1-1||12320|
129|129||3-5-0-0-1-1||12420|
130|130||3-5-0-0-1-1||24640|
131|131||3-5-0-0-1-1||92760|
132|132||3-5-0-0-1-1||94460|
133|133||3-5-0-0-1-1||84760|
134|134||3-5-0-0-1-1||75400|
135|135||3-5-0-0-1-1||95600|
136|136||3-5-0-0-1-1||76700|
137|137||3-5-0-0-1-1||82500|
138|138||3-5-0-0-1-1||63400|
139|139||3-5-0-0-1-1||88860|
140|140||3-5-0-0-1-1||81460|
141|141||3-5-0-0-1-1||96460|
142|142||3-5-0-0-1-1||136200|
143|143||3-5-0-0-1-1||3000|
144|144||3-5-0-0-1-1||159723|
145|145||3-5-0-0-1-1||1620|
146|146||3-5-0-0-1-1||160200|
147|147||3-5-0-0-1-1||35920|
148|148||3-5-0-0-1-1||12320|
149|149||3-5-0-0-1-1||12420|
150|150||3-5-0-0-1-1||12320|
151|151||3-5-0-0-1-1||14400|
152|152||3-5-0-0-1-1||23270|
153|153||3-5-0-0-1-1||24640|
154|154||3-5-0-0-1-1||42520|
155|155||3-5-0-0-1-1||107600|
156|156||3-5-0-0-1-1||12320|
157|157||3-5-0-0-1-1||86640|
158|158||3-5-0-0-1-1||10720|
159|159||3-5-0-0-1-1||12320|
160|160||3-5-0-0-1-1||12320|
161|161||3-5-0-0-1-1||12320|
162|162||3-5-0-0-1-1||12320|
163|163||3-5-0-0-1-1||24620|
164|164||3-5-0-0-1-1||49380|
165|165||3-5-0-0-1-1||9663000|
166|166||3-5-0-0-1-1||109400|
167|167||3-5-0-0-1-1||500|
168|168||3-5-0-0-1-1||13000|
169|169||3-5-0-0-1-1||24640|
170|170||3-5-0-0-1-1||12320|
171|171||3-5-0-0-1-1||6200|
172|172||3-5-0-0-1-1||5150|
173|173||3-5-0-0-1-1||285720|
174|174||3-5-0-0-1-1||12320|
175|175||3-5-0-0-1-1||12320|
176|176||3-5-0-0-1-1||12320|
177|177||3-5-0-0-1-1||12320|
178|178||3-5-0-0-1-1||2100|
179|179||3-5-0-0-1-1||12320|
180|180||3-5-0-0-1-1||12300|
181|181||3-5-0-0-1-1||12320|
182|182||3-5-0-0-1-1||157200|
183|183||3-5-0-0-1-1||22000|
184|184||3-5-0-0-1-1||3700|
185|185||3-5-0-0-1-1||4107|
186|186||3-5-0-0-1-1||33060|
187|187||3-5-0-0-1-1||24640|
188|188||3-5-0-0-1-1||113400|
189|189||3-5-0-0-1-1||36960|
190|190||3-5-0-0-1-1||61800|
191|191||3-5-0-0-1-1||74220|
192|192||3-5-0-0-1-1||12420|
193|193||3-5-0-0-1-1||12420|
194|194||3-5-0-0-1-1||12320|
195|195||3-5-0-0-1-1||12300|
196|196||3-5-0-0-1-1||12300|
197|197||3-5-0-0-1-1||73920|
198|198||3-5-0-0-1-1||12320|
199|199||3-5-0-0-1-1||49480|
200|200||3-5-0-0-1-1||15100|
