1|1||3-5-0-0-1-1||12300|
2|2||3-5-0-0-1-1||44000|
3|3||3-5-0-0-1-1||27820|
4|4||3-5-0-0-1-1||542100|
5|5||3-5-0-0-1-1||60960|
6|6||3-5-0-0-1-1||12420|
7|7||3-5-0-0-1-1||49280|
8|8||3-5-0-0-1-1||14000|
9|9||3-5-0-0-1-1||154640|
10|10||3-5-0-0-1-1||17600|
11|11||3-5-0-0-1-1||12320|
12|12||3-5-0-0-1-1||123000|
13|13||3-5-0-0-1-1||119700|
14|14||3-5-0-0-1-1||12320|
15|15||3-5-0-0-1-1||12320|
16|16||3-5-0-0-1-1||24640|
17|17||3-5-0-0-1-1||12320|
18|18||3-5-0-0-1-1||12320|
19|19||3-5-0-0-1-1||11340|
20|20||3-5-0-0-1-1||62640|
21|21||3-5-0-0-1-1||12320|
22|22||3-5-0-0-1-1||92820|
23|23||3-5-0-0-1-1||12320|
24|24||3-5-0-0-1-1||39100|
25|25||3-5-0-0-1-1||12320|
26|26||3-5-0-0-1-1||170800|
27|27||3-5-0-0-1-1||161720|
28|28||3-5-0-0-1-1||73800|
29|29||3-5-0-0-1-1||95000|
30|30||3-5-0-0-1-1||6700|
31|31||3-5-0-0-1-1||36960|
32|32||3-5-0-0-1-1||16100|
33|33||3-5-0-0-1-1||1240|
34|34||3-5-0-0-1-1||630000|
35|35||3-5-0-0-1-1||414800|
36|36||3-5-0-0-1-1||140000|
37|37||3-5-0-0-1-1||21153|
38|38||3-5-0-0-1-1||32520|
39|39||3-5-0-0-1-1||58725|
40|40||3-5-0-0-1-1||29400|
41|41||3-5-0-0-1-1||12420|
42|42||3-5-0-0-1-1||5323400|
43|43||3-5-0-0-1-1||12420|
44|44||3-5-0-0-1-1||5120700|
45|45||3-5-0-0-1-1||24640|
46|46||3-5-0-0-1-1||12320|
47|47||3-5-0-0-1-1||12320|
48|48||3-5-0-0-1-1||85160|
49|49||3-5-0-0-1-1||24740|
50|50||3-5-0-0-1-1||12320|
51|51||3-5-0-0-1-1||5000|
52|52||3-5-0-0-1-1||1089300|
53|53||3-5-0-0-1-1||12320|
54|54||3-5-0-0-1-1||174300|
55|55||3-5-0-0-1-1||12500|
56|56||3-5-0-0-1-1||37060|
57|57||3-5-0-0-1-1||25800|
58|58||3-5-0-0-1-1||12320|
59|59||3-5-0-0-1-1||24720|
60|60||3-5-0-0-1-1||14000|
61|61||3-5-0-0-1-1||8624|
62|62||3-5-0-0-1-1||43240|
63|63||3-5-0-0-1-1||12320|
64|64||3-5-0-0-1-1||6200|
65|65||3-5-0-0-1-1||24640|
66|66||3-5-0-0-1-1||94400|
67|67||3-5-0-0-1-1||59000|
68|68||3-5-0-0-1-1||46220|
69|69||3-5-0-0-1-1||12320|
70|70||3-5-0-0-1-1||24640|
71|71||3-5-0-0-1-1||78900|
72|72||3-5-0-0-1-1||221760|
73|73||3-5-0-0-1-1||12320|
74|74||3-5-0-0-1-1||36960|
75|75||3-5-0-0-1-1||55200|
76|76||3-5-0-0-1-1||62720|
77|77||3-5-0-0-1-1||12320|
78|78||3-5-0-0-1-1||55000|
79|79||3-5-0-0-1-1||56000|
80|80||3-5-0-0-1-1||118840|
81|81||3-5-0-0-1-1||42000|
82|82||3-5-0-0-1-1||12420|
83|83||3-5-0-0-1-1||37160|
84|84||3-5-0-0-1-1||12320|
85|85||3-5-0-0-1-1||12320|
86|86||3-5-0-0-1-1||6200|
87|87||3-5-0-0-1-1||37160|
88|88||3-5-0-0-1-1||1000|
89|89||3-5-0-0-1-1||12420|
90|90||3-5-0-0-1-1||441700|
91|91||3-5-0-0-1-1||564800|
92|92||3-5-0-0-1-1||12320|
93|93||3-5-0-0-1-1||24640|
94|94||3-5-0-0-1-1||12400|
95|95||3-5-0-0-1-1||12620|
96|96||3-5-0-0-1-1||12320|
97|97||3-5-0-0-1-1||12420|
98|98||3-5-0-0-1-1||84480|
99|99||3-5-0-0-1-1||22100|
100|100||3-5-0-0-1-1||24640|
101|101||3-5-0-0-1-1||12320|
102|102||3-5-0-0-1-1||36960|
103|103||3-5-0-0-1-1||4107|
104|104||3-5-0-0-1-1||7132|
105|105||3-5-0-0-1-1||7500|
106|106||3-5-0-0-1-1||12320|
107|107||3-5-0-0-1-1||24640|
108|108||3-5-0-0-1-1||12320|
109|109||3-5-0-0-1-1||12320|
110|110||3-5-0-0-1-1||174820|
111|111||3-5-0-0-1-1||36960|
112|112||3-5-0-0-1-1||18900|
113|113||3-5-0-0-1-1||62600|
114|114||3-5-0-0-1-1||12320|
115|115||3-5-0-0-1-1||32000|
116|116||3-5-0-0-1-1||24740|
117|117||3-5-0-0-1-1||34300|
118|118||3-5-0-0-1-1||12320|
119|119||3-5-0-0-1-1||61600|
120|120||3-5-0-0-1-1||34120|
121|121||3-5-0-0-1-1||12840|
122|122||3-5-0-0-1-1||12320|
123|123||3-5-0-0-1-1||3100|
124|124||3-5-0-0-1-1||37260|
125|125||3-5-0-0-1-1||198400|
126|126||3-5-0-0-1-1||12320|
127|127||3-5-0-0-1-1||12320|
128|128||3-5-0-0-1-1||12320|
129|129||3-5-0-0-1-1||38640|
130|130||3-5-0-0-1-1||74760|
131|131||3-5-0-0-1-1||2100|
132|132||3-5-0-0-1-1||12320|
133|133||3-5-0-0-1-1||12620|
134|134||3-5-0-0-1-1||36960|
135|135||3-5-0-0-1-1||24640|
136|136||3-5-0-0-1-1||2100|
137|137||3-5-0-0-1-1||13000|
138|138||3-5-0-0-1-1||12320|
139|139||3-5-0-0-1-1||14600|
140|140||3-5-0-0-1-1||24840|
141|141||3-5-0-0-1-1||12320|
142|142||3-5-0-0-1-1||36960|
143|143||3-5-0-0-1-1||12320|
144|144||3-5-0-0-1-1||12320|
145|145||3-5-0-0-1-1||12320|
146|146||3-5-0-0-1-1||13500|
147|147||3-5-0-0-1-1||42320|
148|148||3-5-0-0-1-1||12720|
149|149||3-5-0-0-1-1||18160|
150|150||3-5-0-0-1-1||12720|
151|151||3-5-0-0-1-1||12420|
152|152||3-5-0-0-1-1||12320|
153|153||3-5-0-0-1-1||24840|
154|154||3-5-0-0-1-1||24640|
155|155||3-5-0-0-1-1||12320|
156|156||3-5-0-0-1-1||32320|
157|157||3-5-0-0-1-1||12320|
158|158||3-5-0-0-1-1||133700|
159|159||3-5-0-0-1-1||46760|
160|160||3-5-0-0-1-1||12320|
161|161||3-5-0-0-1-1||28540|
162|162||3-5-0-0-1-1||4164000|
163|163||3-5-0-0-1-1||12320|
164|164||3-5-0-0-1-1||12720|
165|165||3-5-0-0-1-1||12420|
166|166||3-5-0-0-1-1||12300|
167|167||3-5-0-0-1-1||49280|
168|168||3-5-0-0-1-1||16411100|
169|169||3-5-0-0-1-1||12320|
170|170||3-5-0-0-1-1||12320|
171|171||3-5-0-0-1-1||12320|
172|172||3-5-0-0-1-1||36960|
173|173||3-5-0-0-1-1||12300|
174|174||3-5-0-0-1-1||12320|
175|175||3-5-0-0-1-1||12320|
176|176||3-5-0-0-1-1||12320|
177|177||3-5-0-0-1-1||12320|
178|178||3-5-0-0-1-1||24640|
179|179||3-5-0-0-1-1||24660|
180|180||3-5-0-0-1-1||12320|
181|181||3-5-0-0-1-1||12600|
182|182||3-5-0-0-1-1||12320|
183|183||3-5-0-0-1-1||16100|
184|184||3-5-0-0-1-1||11340|
185|185||3-5-0-0-1-1||12320|
186|186||3-5-0-0-1-1||1539100|
187|187||3-5-0-0-1-1||59040|
188|188||3-5-0-0-1-1||210700|
189|189||3-5-0-0-1-1||12320|
190|190||3-5-0-0-1-1||3720|
191|191||3-5-0-0-1-1||12320|
192|192||3-5-0-0-1-1||46600|
193|193||3-5-0-0-1-1||3468500|
194|194||3-5-0-0-1-1||12320|
195|195||3-5-0-0-1-1||420|
196|196||3-5-0-0-1-1||61600|
197|197||3-5-0-0-1-1||11340|
198|198||3-5-0-0-1-1||43400|
199|199||3-5-0-0-1-1||11340|
200|200||3-5-0-0-1-1||12320|
