1|1||3-5-0-0-1-1||205260|
2|2||3-5-0-0-1-1||282800|
3|3||3-5-0-0-1-1||12320|
4|4||3-5-0-0-1-1||4|
5|5||3-5-0-0-1-1||12320|
6|6||3-5-0-0-1-1||12620|
7|7||3-5-0-0-1-1||206020|
8|8||3-5-0-0-1-1||300980|
9|9||3-5-0-0-1-1||153200|
10|10||3-5-0-0-1-1||602400|
11|11||3-5-0-0-1-1||12420|
12|12||3-5-0-0-1-1||24740|
13|13||3-5-0-0-1-1||493600|
14|14||3-5-0-0-1-1||12320|
15|15||3-5-0-0-1-1||15600|
16|16||3-5-0-0-1-1||7600|
17|17||3-5-0-0-1-1||24640|
18|18||3-5-0-0-1-1||200|
19|19||3-5-0-0-1-1||500|
20|20||3-5-0-0-1-1||238040|
21|21||3-5-0-0-1-1||13920|
22|22||3-5-0-0-1-1||81380|
23|23||3-5-0-0-1-1||406100|
24|24||3-5-0-0-1-1||670142|
25|25||3-5-0-0-1-1||148520|
26|26||3-5-0-0-1-1||72320|
27|27||3-5-0-0-1-1||231500|
28|28||3-5-0-0-1-1||135520|
29|29||3-5-0-0-1-1||12300|
30|30||3-5-0-0-1-1||1115100|
31|31||3-5-0-0-1-1||12800|
32|32||3-5-0-0-1-1||101900|
33|33||3-5-0-0-1-1||12420|
34|34||3-5-0-0-1-1||6200|
35|35||3-5-0-0-1-1||48500|
36|36||3-5-0-0-1-1||12320|
37|37||3-5-0-0-1-1||48960|
38|38||3-5-0-0-1-1||15239|
39|39||3-5-0-0-1-1||12100|
40|40||3-5-0-0-1-1||400|
41|41||3-5-0-0-1-1||49380|
42|42||3-5-0-0-1-1||12320|
43|43||3-5-0-0-1-1||12320|
44|44||3-5-0-0-1-1||6160|
45|45||3-5-0-0-1-1||12320|
46|46||3-5-0-0-1-1||6200|
47|47||3-5-0-0-1-1||15000|
48|48||3-5-0-0-1-1||24640|
49|49||3-5-0-0-1-1||600|
50|50||3-5-0-0-1-1||12320|
51|51||3-5-0-0-1-1||12320|
52|52||3-5-0-0-1-1||61900|
53|53||3-5-0-0-1-1||24740|
54|54||3-5-0-0-1-1||1101706|
55|55||3-5-0-0-1-1||75600|
56|56||3-5-0-0-1-1||450820|
57|57||3-5-0-0-1-1||188900|
58|58||3-5-0-0-1-1||4341400|
59|59||3-5-0-0-1-1||16000|
60|60||3-5-0-0-1-1||134800|
61|61||3-5-0-0-1-1||12320|
62|62||3-5-0-0-1-1||123200|
63|63||3-5-0-0-1-1||16600|
64|64||3-5-0-0-1-1||17000|
65|65||3-5-0-0-1-1||12320|
66|66||3-5-0-0-1-1||24640|
67|67||3-5-0-0-1-1||12320|
68|68||3-5-0-0-1-1||18520|
69|69||3-5-0-0-1-1||20000|
70|70||3-5-0-0-1-1||1438000|
71|71||3-5-0-0-1-1||12400|
72|72||3-5-0-0-1-1||36960|
73|73||3-5-0-0-1-1||232800|
74|74||3-5-0-0-1-1||14000|
75|75||3-5-0-0-1-1||80914|
76|76||3-5-0-0-1-1||12500|
77|77||3-5-0-0-1-1||11340|
78|78||3-5-0-0-1-1||112100|
79|79||3-5-0-0-1-1||207000|
80|80||3-5-0-0-1-1||164600|
81|81||3-5-0-0-1-1||808000|
82|82||3-5-0-0-1-1||98960|
83|83||3-5-0-0-1-1||12520|
84|84||3-5-0-0-1-1||139020|
85|85||3-5-0-0-1-1||106300|
86|86||3-5-0-0-1-1||9900|
87|87||3-5-0-0-1-1||210440|
88|88||3-5-0-0-1-1||4895772|
89|89||3-5-0-0-1-1||12320|
90|90||3-5-0-0-1-1||12320|
91|91||3-5-0-0-1-1||12620|
92|92||3-5-0-0-1-1||1052300|
93|93||3-5-0-0-1-1||322700|
94|94||3-5-0-0-1-1||128200|
95|95||3-5-0-0-1-1||112100|
96|96||3-5-0-0-1-1||187200|
97|97||3-5-0-0-1-1||19900|
98|98||3-5-0-0-1-1||23635500|
99|99||3-5-0-0-1-1||24700|
100|100||3-5-0-0-1-1||500|
101|101||3-5-0-0-1-1||167700|
102|102||3-5-0-0-1-1||3290|
103|103||3-5-0-0-1-1||759800|
104|104||3-5-0-0-1-1||12300|
105|105||3-5-0-0-1-1||29600|
106|106||3-5-0-0-1-1||49500|
107|107||3-5-0-0-1-1||74100|
108|108||3-5-0-0-1-1||74920|
109|109||3-5-0-0-1-1||25320|
110|110||3-5-0-0-1-1||24640|
111|111||3-5-0-0-1-1||90340|
112|112||3-5-0-0-1-1||37000|
113|113||3-5-0-0-1-1||58740|
114|114||3-5-0-0-1-1||101820|
115|115||3-5-0-0-1-1||32900|
116|116||3-5-0-0-1-1||16160|
117|117||3-5-0-0-1-1||12320|
118|118||3-5-0-0-1-1||45310|
119|119||3-5-0-0-1-1||90800|
120|120||3-5-0-0-1-1||57020|
121|121||3-5-0-0-1-1||12720|
122|122||3-5-0-0-1-1||12320|
123|123||3-5-0-0-1-1||12300|
124|124||3-5-0-0-1-1||37200|
125|125||3-5-0-0-1-1||32400|
126|126||3-5-0-0-1-1||27180|
127|127||3-5-0-0-1-1||12320|
128|128||3-5-0-0-1-1||49280|
129|129||3-5-0-0-1-1||24740|
130|130||3-5-0-0-1-1||49480|
131|131||3-5-0-0-1-1||12320|
132|132||3-5-0-0-1-1||12620|
133|133||3-5-0-0-1-1||65600|
134|134||3-5-0-0-1-1||78160|
135|135||3-5-0-0-1-1||822|
136|136||3-5-0-0-1-1||12320|
137|137||3-5-0-0-1-1||12320|
138|138||3-5-0-0-1-1||12320|
139|139||3-5-0-0-1-1||7398|
140|140||3-5-0-0-1-1||12620|
141|141||3-5-0-0-1-1||12920|
142|142||3-5-0-0-1-1||12320|
143|143||3-5-0-0-1-1||12800|
144|144||3-5-0-0-1-1||44640|
145|145||3-5-0-0-1-1||12320|
146|146||3-5-0-0-1-1||24640|
147|147||3-5-0-0-1-1||50580|
148|148||3-5-0-0-1-1||52880|
149|149||3-5-0-0-1-1||51780|
150|150||3-5-0-0-1-1||49280|
151|151||3-5-0-0-1-1||164560|
152|152||3-5-0-0-1-1||123200|
153|153||3-5-0-0-1-1||12320|
154|154||3-5-0-0-1-1||147840|
155|155||3-5-0-0-1-1||24740|
156|156||3-5-0-0-1-1||12320|
157|157||3-5-0-0-1-1||2100|
158|158||3-5-0-0-1-1||30840|
159|159||3-5-0-0-1-1||13963|
160|160||3-5-0-0-1-1||12420|
161|161||3-5-0-0-1-1||3100|
162|162||3-5-0-0-1-1||237000|
163|163||3-5-0-0-1-1||31000|
164|164||3-5-0-0-1-1||38800|
165|165||3-5-0-0-1-1||12420|
166|166||3-5-0-0-1-1||49480|
167|167||3-5-0-0-1-1||56220|
168|168||3-5-0-0-1-1||16940|
169|169||3-5-0-0-1-1||24840|
170|170||3-5-0-0-1-1||12300|
171|171||3-5-0-0-1-1||12420|
172|172||3-5-0-0-1-1||46400|
173|173||3-5-0-0-1-1||12320|
174|174||3-5-0-0-1-1||12320|
175|175||3-5-0-0-1-1||39440|
176|176||3-5-0-0-1-1||13800|
177|177||3-5-0-0-1-1||13300|
178|178||3-5-0-0-1-1||37160|
179|179||3-5-0-0-1-1||36960|
180|180||3-5-0-0-1-1||24640|
181|181||3-5-0-0-1-1||165000|
182|182||3-5-0-0-1-1||21082|
183|183||3-5-0-0-1-1||12320|
184|184||3-5-0-0-1-1||896|
185|185||3-5-0-0-1-1||12320|
186|186||3-5-0-0-1-1||12320|
187|187||3-5-0-0-1-1||12320|
188|188||3-5-0-0-1-1||12320|
189|189||3-5-0-0-1-1||12320|
190|190||3-5-0-0-1-1||191154|
191|191||3-5-0-0-1-1||84200|
192|192||3-5-0-0-1-1||12300|
193|193||3-5-0-0-1-1||180000|
194|194||3-5-0-0-1-1||40040|
195|195||3-5-0-0-1-1||12320|
196|196||3-5-0-0-1-1||24640|
197|197||3-5-0-0-1-1||12420|
198|198||3-5-0-0-1-1||12320|
199|199||3-5-0-0-1-1||24640|
200|200||3-5-0-0-1-1||12320|
