1|1||3-5-0-0-1-1||12620|
2|2||3-5-0-0-1-1||27900|
3|3||3-5-0-0-1-1||6200|
4|4||3-5-0-0-1-1||24640|
5|5||3-5-0-0-1-1||12320|
6|6||3-5-0-0-1-1||37060|
7|7||3-5-0-0-1-1||71360|
8|8||3-5-0-0-1-1||56320|
9|9||3-5-0-0-1-1||40140|
10|10||3-5-0-0-1-1||12320|
11|11||3-5-0-0-1-1||22300|
12|12||3-5-0-0-1-1||24840|
13|13||3-5-0-0-1-1||7340|
14|14||3-5-0-0-1-1||12420|
15|15||3-5-0-0-1-1||480000|
16|16||3-5-0-0-1-1||12320|
17|17||3-5-0-0-1-1||51500|
18|18||3-5-0-0-1-1||191600|
19|19||3-5-0-0-1-1||77160|
20|20||3-5-0-0-1-1||12320|
21|21||3-5-0-0-1-1||24640|
22|22||3-5-0-0-1-1||10600|
23|23||3-5-0-0-1-1||24740|
24|24||3-5-0-0-1-1||13020|
25|25||3-5-0-0-1-1||12620|
26|26||3-5-0-0-1-1||32360|
27|27||3-5-0-0-1-1||12320|
28|28||3-5-0-0-1-1||12420|
29|29||3-5-0-0-1-1||24600|
30|30||3-5-0-0-1-1||12320|
31|31||3-5-0-0-1-1||88980|
32|32||3-5-0-0-1-1||24640|
33|33||3-5-0-0-1-1||28320|
34|34||3-5-0-0-1-1||125700|
35|35||3-5-0-0-1-1||14000|
36|36||3-5-0-0-1-1||112580|
37|37||3-5-0-0-1-1||12320|
38|38||3-5-0-0-1-1||12320|
39|39||3-5-0-0-1-1||12320|
40|40||3-5-0-0-1-1||12420|
41|41||3-5-0-0-1-1||12320|
42|42||3-5-0-0-1-1||25060|
43|43||3-5-0-0-1-1||15400|
44|44||3-5-0-0-1-1||12420|
45|45||3-5-0-0-1-1||37060|
46|46||3-5-0-0-1-1||86340|
47|47||3-5-0-0-1-1||12320|
48|48||3-5-0-0-1-1||24640|
49|49||3-5-0-0-1-1||12320|
50|50||3-5-0-0-1-1||73920|
51|51||3-5-0-0-1-1||14700|
52|52||3-5-0-0-1-1||86440|
53|53||3-5-0-0-1-1||210262|
54|54||3-5-0-0-1-1||12320|
55|55||3-5-0-0-1-1||510220|
56|56||3-5-0-0-1-1||526300|
57|57||3-5-0-0-1-1||256000|
58|58||3-5-0-0-1-1||154000|
59|59||3-5-0-0-1-1||474700|
60|60||3-5-0-0-1-1||1|
61|61||3-5-0-0-1-1||1|
62|62||3-5-0-0-1-1||12320|
63|63||3-5-0-0-1-1||492720|
64|64||3-5-0-0-1-1||3100|
65|65||3-5-0-0-1-1||13000|
66|66||3-5-0-0-1-1||12320|
67|67||3-5-0-0-1-1||45940|
68|68||3-5-0-0-1-1||126600|
69|69||3-5-0-0-1-1||112120|
70|70||3-5-0-0-1-1||13559300|
71|71||3-5-0-0-1-1||230000|
72|72||3-5-0-0-1-1||12320|
73|73||3-5-0-0-1-1||12300|
74|74||3-5-0-0-1-1||12320|
75|75||3-5-0-0-1-1||12300|
76|76||3-5-0-0-1-1||1185600|
77|77||3-5-0-0-1-1||554700|
78|78||3-5-0-0-1-1||12320|
79|79||3-5-0-0-1-1||14540|
80|80||3-5-0-0-1-1||12320|
81|81||3-5-0-0-1-1||112100|
82|82||3-5-0-0-1-1||12420|
83|83||3-5-0-0-1-1||12320|
84|84||3-5-0-0-1-1||40460|
85|85||3-5-0-0-1-1||12620|
86|86||3-5-0-0-1-1||12320|
87|87||3-5-0-0-1-1||36900|
88|88||3-5-0-0-1-1||12320|
89|89||3-5-0-0-1-1||12320|
90|90||3-5-0-0-1-1||12320|
91|91||3-5-0-0-1-1||167000|
92|92||3-5-0-0-1-1||200000|
93|93||3-5-0-0-1-1||5340|
94|94||3-5-0-0-1-1||12320|
95|95||3-5-0-0-1-1||3477100|
96|96||3-5-0-0-1-1||12320|
97|97||3-5-0-0-1-1||180200|
98|98||3-5-0-0-1-1||1464260|
99|99||3-5-0-0-1-1||196000|
100|100||3-5-0-0-1-1||12320|
101|101||3-5-0-0-1-1||36960|
102|102||3-5-0-0-1-1||303300|
103|103||3-5-0-0-1-1||49280|
104|104||3-5-0-0-1-1||182900|
105|105||3-5-0-0-1-1||12320|
106|106||3-5-0-0-1-1||12900|
107|107||3-5-0-0-1-1||12320|
108|108||3-5-0-0-1-1||112100|
109|109||3-5-0-0-1-1||136000|
110|110||3-5-0-0-1-1||2809100|
111|111||3-5-0-0-1-1||2618700|
112|112||3-5-0-0-1-1||23800|
113|113||3-5-0-0-1-1||12320|
114|114||3-5-0-0-1-1||12320|
115|115||3-5-0-0-1-1||32100|
116|116||3-5-0-0-1-1||73446|
117|117||3-5-0-0-1-1||12420|
118|118||3-5-0-0-1-1||10156|
119|119||3-5-0-0-1-1||12320|
120|120||3-5-0-0-1-1||36960|
121|121||3-5-0-0-1-1||12320|
122|122||3-5-0-0-1-1||12320|
123|123||3-5-0-0-1-1||12320|
124|124||3-5-0-0-1-1||12320|
125|125||3-5-0-0-1-1||24640|
126|126||3-5-0-0-1-1||15200|
127|127||3-5-0-0-1-1||12320|
128|128||3-5-0-0-1-1||36960|
129|129||3-5-0-0-1-1||25240|
130|130||3-5-0-0-1-1||12620|
131|131||3-5-0-0-1-1||24640|
132|132||3-5-0-0-1-1||12420|
133|133||3-5-0-0-1-1||24640|
134|134||3-5-0-0-1-1||12420|
135|135||3-5-0-0-1-1||1643|
136|136||3-5-0-0-1-1||840|
137|137||3-5-0-0-1-1||12320|
138|138||3-5-0-0-1-1||15200|
139|139||3-5-0-0-1-1||6300|
140|140||3-5-0-0-1-1||12320|
141|141||3-5-0-0-1-1||12320|
142|142||3-5-0-0-1-1||24740|
143|143||3-5-0-0-1-1||4200|
144|144||3-5-0-0-1-1||18620|
145|145||3-5-0-0-1-1||16100|
146|146||3-5-0-0-1-1||12320|
147|147||3-5-0-0-1-1||137420|
148|148||3-5-0-0-1-1||19600|
149|149||3-5-0-0-1-1||12320|
150|150||3-5-0-0-1-1||12420|
151|151||3-5-0-0-1-1||12420|
152|152||3-5-0-0-1-1||12320|
153|153||3-5-0-0-1-1||12320|
154|154||3-5-0-0-1-1||25840|
155|155||3-5-0-0-1-1||24800|
156|156||3-5-0-0-1-1||24640|
157|157||3-5-0-0-1-1||12320|
158|158||3-5-0-0-1-1||24640|
159|159||3-5-0-0-1-1||12320|
160|160||3-5-0-0-1-1||12320|
161|161||3-5-0-0-1-1||12320|
162|162||3-5-0-0-1-1||184800|
163|163||3-5-0-0-1-1||12320|
164|164||3-5-0-0-1-1||330640|
165|165||3-5-0-0-1-1||235100|
166|166||3-5-0-0-1-1||12320|
167|167||3-5-0-0-1-1||12320|
168|168||3-5-0-0-1-1||37160|
169|169||3-5-0-0-1-1||326920|
170|170||3-5-0-0-1-1||12420|
171|171||3-5-0-0-1-1||13700|
172|172||3-5-0-0-1-1||252800|
173|173||3-5-0-0-1-1||12300|
174|174||3-5-0-0-1-1||9900|
175|175||3-5-0-0-1-1||12320|
176|176||3-5-0-0-1-1||12320|
177|177||3-5-0-0-1-1||822|
178|178||3-5-0-0-1-1||12320|
179|179||3-5-0-0-1-1||20000|
180|180||3-5-0-0-1-1||420|
181|181||3-5-0-0-1-1||24640|
182|182||3-5-0-0-1-1||184114|
183|183||3-5-0-0-1-1||12320|
184|184||3-5-0-0-1-1||12420|
185|185||3-5-0-0-1-1||12320|
186|186||3-5-0-0-1-1||371000|
187|187||3-5-0-0-1-1||111600|
188|188||3-5-0-0-1-1||12320|
189|189||3-5-0-0-1-1||1258000|
190|190||3-5-0-0-1-1||324020|
191|191||3-5-0-0-1-1||37060|
192|192||3-5-0-0-1-1||37160|
193|193||3-5-0-0-1-1||6160|
194|194||3-5-0-0-1-1||394100|
195|195||3-5-0-0-1-1||282000|
196|196||3-5-0-0-1-1||547900|
197|197||3-5-0-0-1-1||112100|
198|198||3-5-0-0-1-1||68400|
199|199||3-5-0-0-1-1||18000|
200|200||3-5-0-0-1-1||12420|
