1|1||3-5-0-0-1-1||185100|
2|2||3-5-0-0-1-1||24740|
3|3||3-5-0-0-1-1||12320|
4|4||3-5-0-0-1-1||135520|
5|5||3-5-0-0-1-1||43400|
6|6||3-5-0-0-1-1||12420|
7|7||3-5-0-0-1-1||12420|
8|8||3-5-0-0-1-1||61600|
9|9||3-5-0-0-1-1||12320|
10|10||3-5-0-0-1-1||53600|
11|11||3-5-0-0-1-1||247790|
12|12||3-5-0-0-1-1||76120|
13|13||3-5-0-0-1-1||29820|
14|14||3-5-0-0-1-1||12320|
15|15||3-5-0-0-1-1||12420|
16|16||3-5-0-0-1-1||13500|
17|17||3-5-0-0-1-1||12320|
18|18||3-5-0-0-1-1||379800|
19|19||3-5-0-0-1-1||319000|
20|20||3-5-0-0-1-1||113180|
21|21||3-5-0-0-1-1||13000|
22|22||3-5-0-0-1-1||61780|
23|23||3-5-0-0-1-1||36960|
24|24||3-5-0-0-1-1||46700|
25|25||3-5-0-0-1-1||12320|
26|26||3-5-0-0-1-1||12320|
27|27||3-5-0-0-1-1||800|
28|28||3-5-0-0-1-1||12320|
29|29||3-5-0-0-1-1||1700240|
30|30||3-5-0-0-1-1||12320|
31|31||3-5-0-0-1-1||796700|
32|32||3-5-0-0-1-1||160000|
33|33||3-5-0-0-1-1||112320|
34|34||3-5-0-0-1-1||36900|
35|35||3-5-0-0-1-1||100900|
36|36||3-5-0-0-1-1||23780|
37|37||3-5-0-0-1-1||266600|
38|38||3-5-0-0-1-1||13000|
39|39||3-5-0-0-1-1||24740|
40|40||3-5-0-0-1-1||12320|
41|41||3-5-0-0-1-1||15800|
42|42||3-5-0-0-1-1||12320|
43|43||3-5-0-0-1-1||20675|
44|44||3-5-0-0-1-1||23520|
45|45||3-5-0-0-1-1||133290|
46|46||3-5-0-0-1-1||19495|
47|47||3-5-0-0-1-1||3955|
48|48||3-5-0-0-1-1||73000|
49|49||3-5-0-0-1-1||24640|
50|50||3-5-0-0-1-1||12320|
51|51||3-5-0-0-1-1||12420|
52|52||3-5-0-0-1-1||52200|
53|53||3-5-0-0-1-1||12320|
54|54||3-5-0-0-1-1||41000|
55|55||3-5-0-0-1-1||37000|
56|56||3-5-0-0-1-1||760740|
57|57||3-5-0-0-1-1||12320|
58|58||3-5-0-0-1-1||27340|
59|59||3-5-0-0-1-1||12320|
60|60||3-5-0-0-1-1||61700|
61|61||3-5-0-0-1-1||12320|
62|62||3-5-0-0-1-1||174001|
63|63||3-5-0-0-1-1||26600|
64|64||3-5-0-0-1-1||12320|
65|65||3-5-0-0-1-1||112100|
66|66||3-5-0-0-1-1||461100|
67|67||3-5-0-0-1-1||49380|
68|68||3-5-0-0-1-1||12320|
69|69||3-5-0-0-1-1||12320|
70|70||3-5-0-0-1-1||24740|
71|71||3-5-0-0-1-1||37760|
72|72||3-5-0-0-1-1||12320|
73|73||3-5-0-0-1-1||12300|
74|74||3-5-0-0-1-1||12320|
75|75||3-5-0-0-1-1||4650400|
76|76||3-5-0-0-1-1||3533600|
77|77||3-5-0-0-1-1||12420|
78|78||3-5-0-0-1-1||11415700|
79|79||3-5-0-0-1-1||12320|
80|80||3-5-0-0-1-1||728100|
81|81||3-5-0-0-1-1||20000|
82|82||3-5-0-0-1-1||300500|
83|83||3-5-0-0-1-1||221600|
84|84||3-5-0-0-1-1||12320|
85|85||3-5-0-0-1-1||12320|
86|86||3-5-0-0-1-1||36960|
87|87||3-5-0-0-1-1||12320|
88|88||3-5-0-0-1-1||12320|
89|89||3-5-0-0-1-1||120020|
90|90||3-5-0-0-1-1||11910|
91|91||3-5-0-0-1-1||9240|
92|92||3-5-0-0-1-1||12320|
93|93||3-5-0-0-1-1||12320|
94|94||3-5-0-0-1-1||12320|
95|95||3-5-0-0-1-1||12320|
96|96||3-5-0-0-1-1||24640|
97|97||3-5-0-0-1-1||11910|
98|98||3-5-0-0-1-1||36960|
99|99||3-5-0-0-1-1||12620|
100|100||3-5-0-0-1-1||155000|
101|101||3-5-0-0-1-1||12320|
102|102||3-5-0-0-1-1||29700|
103|103||3-5-0-0-1-1||93340|
104|104||3-5-0-0-1-1||12420|
105|105||3-5-0-0-1-1||98300|
106|106||3-5-0-0-1-1||24740|
107|107||3-5-0-0-1-1||12320|
108|108||3-5-0-0-1-1||216580|
109|109||3-5-0-0-1-1||12320|
110|110||3-5-0-0-1-1||70100|
111|111||3-5-0-0-1-1||12420|
112|112||3-5-0-0-1-1||12320|
113|113||3-5-0-0-1-1||171040|
114|114||3-5-0-0-1-1||12320|
115|115||3-5-0-0-1-1||85100|
116|116||3-5-0-0-1-1||15300|
117|117||3-5-0-0-1-1||3800|
118|118||3-5-0-0-1-1||12320|
119|119||3-5-0-0-1-1||73920|
120|120||3-5-0-0-1-1||12320|
121|121||3-5-0-0-1-1||28700|
122|122||3-5-0-0-1-1||12320|
123|123||3-5-0-0-1-1||12320|
124|124||3-5-0-0-1-1||50000|
125|125||3-5-0-0-1-1||12320|
126|126||3-5-0-0-1-1||52160|
127|127||3-5-0-0-1-1||12320|
128|128||3-5-0-0-1-1||98760|
129|129||3-5-0-0-1-1||122520|
130|130||3-5-0-0-1-1||61600|
131|131||3-5-0-0-1-1||90640|
132|132||3-5-0-0-1-1||172480|
133|133||3-5-0-0-1-1||193000|
134|134||3-5-0-0-1-1||249740|
135|135||3-5-0-0-1-1||184800|
136|136||3-5-0-0-1-1||123600|
137|137||3-5-0-0-1-1||283360|
138|138||3-5-0-0-1-1||123600|
139|139||3-5-0-0-1-1||123200|
140|140||3-5-0-0-1-1||123200|
141|141||3-5-0-0-1-1||238600|
142|142||3-5-0-0-1-1||471660|
143|143||3-5-0-0-1-1||210500|
144|144||3-5-0-0-1-1||18212260|
145|145||3-5-0-0-1-1||78100|
146|146||3-5-0-0-1-1||203300|
147|147||3-5-0-0-1-1||470700|
148|148||3-5-0-0-1-1||3100|
149|149||3-5-0-0-1-1||12320|
150|150||3-5-0-0-1-1||420|
151|151||3-5-0-0-1-1||188720|
152|152||3-5-0-0-1-1||12320|
153|153||3-5-0-0-1-1||85200|
154|154||3-5-0-0-1-1||48920|
155|155||3-5-0-0-1-1||215420|
156|156||3-5-0-0-1-1||605400|
157|157||3-5-0-0-1-1||62260|
158|158||3-5-0-0-1-1||12320|
159|159||3-5-0-0-1-1||396000|
160|160||3-5-0-0-1-1||123500|
161|161||3-5-0-0-1-1||323500|
162|162||3-5-0-0-1-1||7201400|
163|163||3-5-0-0-1-1||36600|
164|164||3-5-0-0-1-1||49280|
165|165||3-5-0-0-1-1||198900|
166|166||3-5-0-0-1-1||24640|
167|167||3-5-0-0-1-1||254900|
168|168||3-5-0-0-1-1||12300|
169|169||3-5-0-0-1-1||162620|
170|170||3-5-0-0-1-1||160560|
171|171||3-5-0-0-1-1||65000|
172|172||3-5-0-0-1-1||12420|
173|173||3-5-0-0-1-1||53600|
174|174||3-5-0-0-1-1||30000|
175|175||3-5-0-0-1-1||24640|
176|176||3-5-0-0-1-1||24740|
177|177||3-5-0-0-1-1||184800|
178|178||3-5-0-0-1-1||184500|
179|179||3-5-0-0-1-1||12320|
180|180||3-5-0-0-1-1||12420|
181|181||3-5-0-0-1-1||400|
182|182||3-5-0-0-1-1||24600|
183|183||3-5-0-0-1-1||959900|
184|184||3-5-0-0-1-1||81800|
185|185||3-5-0-0-1-1||40140|
186|186||3-5-0-0-1-1||31500|
187|187||3-5-0-0-1-1||12320|
188|188||3-5-0-0-1-1||12320|
189|189||3-5-0-0-1-1||2580000|
190|190||3-5-0-0-1-1||12620|
191|191||3-5-0-0-1-1||111042|
192|192||3-5-0-0-1-1||36900|
193|193||3-5-0-0-1-1||834200|
194|194||3-5-0-0-1-1||4000|
195|195||3-5-0-0-1-1||260900|
196|196||3-5-0-0-1-1||12320|
197|197||3-5-0-0-1-1||14000|
198|198||3-5-0-0-1-1||32320|
199|199||3-5-0-0-1-1||24740|
200|200||3-5-0-0-1-1||4956200|
