1|1||3-5-0-0-1-1||1312000|
2|2||3-5-0-0-1-1||86540|
3|3||3-5-0-0-1-1||12320|
4|4||3-5-0-0-1-1||1644|
5|5||3-5-0-0-1-1||26820|
6|6||3-5-0-0-1-1||24740|
7|7||3-5-0-0-1-1||37000|
8|8||3-5-0-0-1-1||12400|
9|9||3-5-0-0-1-1||308000|
10|10||3-5-0-0-1-1||1022000|
11|11||3-5-0-0-1-1||36900|
12|12||3-5-0-0-1-1||12320|
13|13||3-5-0-0-1-1||75320|
14|14||3-5-0-0-1-1||606200|
15|15||3-5-0-0-1-1||129300|
16|16||3-5-0-0-1-1||160000|
17|17||3-5-0-0-1-1||15402|
18|18||3-5-0-0-1-1||12520|
19|19||3-5-0-0-1-1||140000|
20|20||3-5-0-0-1-1||112100|
21|21||3-5-0-0-1-1||100600|
22|22||3-5-0-0-1-1||12320|
23|23||3-5-0-0-1-1||4798900|
24|24||3-5-0-0-1-1||12320|
25|25||3-5-0-0-1-1||12400|
26|26||3-5-0-0-1-1||302800|
27|27||3-5-0-0-1-1||3080|
28|28||3-5-0-0-1-1||36960|
29|29||3-5-0-0-1-1||61800|
30|30||3-5-0-0-1-1||12420|
31|31||3-5-0-0-1-1||308000|
32|32||3-5-0-0-1-1||12300|
33|33||3-5-0-0-1-1||57320|
34|34||3-5-0-0-1-1||24600|
35|35||3-5-0-0-1-1||12320|
36|36||3-5-0-0-1-1||50800|
37|37||3-5-0-0-1-1||15200|
38|38||3-5-0-0-1-1||2090500|
39|39||3-5-0-0-1-1||167840|
40|40||3-5-0-0-1-1||156900|
41|41||3-5-0-0-1-1||12400|
42|42||3-5-0-0-1-1||119820|
43|43||3-5-0-0-1-1||24740|
44|44||3-5-0-0-1-1||47400|
45|45||3-5-0-0-1-1||249840|
46|46||3-5-0-0-1-1||123200|
47|47||3-5-0-0-1-1||12320|
48|48||3-5-0-0-1-1||167520|
49|49||3-5-0-0-1-1||223360|
50|50||3-5-0-0-1-1||55260|
51|51||3-5-0-0-1-1||127180|
52|52||3-5-0-0-1-1||36300|
53|53||3-5-0-0-1-1||88000|
54|54||3-5-0-0-1-1||57000|
55|55||3-5-0-0-1-1||52560|
56|56||3-5-0-0-1-1||12420|
57|57||3-5-0-0-1-1||756000|
58|58||3-5-0-0-1-1||607100|
59|59||3-5-0-0-1-1||177200|
60|60||3-5-0-0-1-1||163800|
61|61||3-5-0-0-1-1||10080|
62|62||3-5-0-0-1-1||1513100|
63|63||3-5-0-0-1-1||13300|
64|64||3-5-0-0-1-1||460000|
65|65||3-5-0-0-1-1||40445|
66|66||3-5-0-0-1-1||12320|
67|67||3-5-0-0-1-1||49380|
68|68||3-5-0-0-1-1||15500|
69|69||3-5-0-0-1-1||12420|
70|70||3-5-0-0-1-1||1500|
71|71||3-5-0-0-1-1||502800|
72|72||3-5-0-0-1-1||1831200|
73|73||3-5-0-0-1-1||12320|
74|74||3-5-0-0-1-1||12320|
75|75||3-5-0-0-1-1||36960|
76|76||3-5-0-0-1-1||12320|
77|77||3-5-0-0-1-1||10700|
78|78||3-5-0-0-1-1||12320|
79|79||3-5-0-0-1-1||90900|
80|80||3-5-0-0-1-1||12320|
81|81||3-5-0-0-1-1||12740|
82|82||3-5-0-0-1-1||75320|
83|83||3-5-0-0-1-1||42100|
84|84||3-5-0-0-1-1||4000|
85|85||3-5-0-0-1-1||12420|
86|86||3-5-0-0-1-1||14000|
87|87||3-5-0-0-1-1||513320|
88|88||3-5-0-0-1-1||146800|
89|89||3-5-0-0-1-1||12320|
90|90||3-5-0-0-1-1||12320|
91|91||3-5-0-0-1-1||12420|
92|92||3-5-0-0-1-1||37060|
93|93||3-5-0-0-1-1||36960|
94|94||3-5-0-0-1-1||233200|
95|95||3-5-0-0-1-1||12320|
96|96||3-5-0-0-1-1||12320|
97|97||3-5-0-0-1-1||24640|
98|98||3-5-0-0-1-1||12620|
99|99||3-5-0-0-1-1||21200|
100|100||3-5-0-0-1-1||62100|
101|101||3-5-0-0-1-1||67820|
102|102||3-5-0-0-1-1||24640|
103|103||3-5-0-0-1-1||12420|
104|104||3-5-0-0-1-1||49280|
105|105||3-5-0-0-1-1||3500|
106|106||3-5-0-0-1-1||61700|
107|107||3-5-0-0-1-1||12320|
108|108||3-5-0-0-1-1||12300|
109|109||3-5-0-0-1-1||12320|
110|110||3-5-0-0-1-1||24640|
111|111||3-5-0-0-1-1||12320|
112|112||3-5-0-0-1-1||22637|
113|113||3-5-0-0-1-1||24640|
114|114||3-5-0-0-1-1||82760|
115|115||3-5-0-0-1-1||308000|
116|116||3-5-0-0-1-1||3270200|
117|117||3-5-0-0-1-1||121800|
118|118||3-5-0-0-1-1||8556300|
119|119||3-5-0-0-1-1||310200|
120|120||3-5-0-0-1-1||1034000|
121|121||3-5-0-0-1-1||31400|
122|122||3-5-0-0-1-1||1240|
123|123||3-5-0-0-1-1||12320|
124|124||3-5-0-0-1-1||51000|
125|125||3-5-0-0-1-1||295040|
126|126||3-5-0-0-1-1||91280|
127|127||3-5-0-0-1-1||3700025|
128|128||3-5-0-0-1-1||152300|
129|129||3-5-0-0-1-1||67700|
130|130||3-5-0-0-1-1||2081300|
131|131||3-5-0-0-1-1||580900|
132|132||3-5-0-0-1-1||259860|
133|133||3-5-0-0-1-1||52980|
134|134||3-5-0-0-1-1||160000|
135|135||3-5-0-0-1-1||176940|
136|136||3-5-0-0-1-1||136020|
137|137||3-5-0-0-1-1||145980|
138|138||3-5-0-0-1-1||24640|
139|139||3-5-0-0-1-1||2631000|
140|140||3-5-0-0-1-1||12420|
141|141||3-5-0-0-1-1||208200|
142|142||3-5-0-0-1-1||68600|
143|143||3-5-0-0-1-1||12320|
144|144||3-5-0-0-1-1||24740|
145|145||3-5-0-0-1-1||6600|
146|146||3-5-0-0-1-1||12420|
147|147||3-5-0-0-1-1||12300|
148|148||3-5-0-0-1-1||737780|
149|149||3-5-0-0-1-1||39538000|
150|150||3-5-0-0-1-1||505200|
151|151||3-5-0-0-1-1||237000|
152|152||3-5-0-0-1-1||160000|
153|153||3-5-0-0-1-1||311000|
154|154||3-5-0-0-1-1||3869400|
155|155||3-5-0-0-1-1||12300|
156|156||3-5-0-0-1-1||128400|
157|157||3-5-0-0-1-1||1864200|
158|158||3-5-0-0-1-1||274100|
159|159||3-5-0-0-1-1||19100|
160|160||3-5-0-0-1-1||12320|
161|161||3-5-0-0-1-1||22680|
162|162||3-5-0-0-1-1||16000|
163|163||3-5-0-0-1-1||556000|
164|164||3-5-0-0-1-1||150000|
165|165||3-5-0-0-1-1||12320|
166|166||3-5-0-0-1-1||34000|
167|167||3-5-0-0-1-1||12420|
168|168||3-5-0-0-1-1||22780|
169|169||3-5-0-0-1-1||12320|
170|170||3-5-0-0-1-1||12320|
171|171||3-5-0-0-1-1||65000|
172|172||3-5-0-0-1-1||12320|
173|173||3-5-0-0-1-1||12320|
174|174||3-5-0-0-1-1||348000|
175|175||3-5-0-0-1-1||36900|
176|176||3-5-0-0-1-1||17800|
177|177||3-5-0-0-1-1||24640|
178|178||3-5-0-0-1-1||10700|
179|179||3-5-0-0-1-1||16000|
180|180||3-5-0-0-1-1||12320|
181|181||3-5-0-0-1-1||96940|
182|182||3-5-0-0-1-1||12320|
183|183||3-5-0-0-1-1||12320|
184|184||3-5-0-0-1-1||106680|
185|185||3-5-0-0-1-1||29420|
186|186||3-5-0-0-1-1||25320|
187|187||3-5-0-0-1-1||800|
188|188||3-5-0-0-1-1||293200|
189|189||3-5-0-0-1-1||234400|
190|190||3-5-0-0-1-1||17760|
191|191||3-5-0-0-1-1||182800|
192|192||3-5-0-0-1-1||47346|
193|193||3-5-0-0-1-1||24640|
194|194||3-5-0-0-1-1||37060|
195|195||3-5-0-0-1-1||12300|
196|196||3-5-0-0-1-1||806000|
197|197||3-5-0-0-1-1||140300|
198|198||3-5-0-0-1-1||12420|
199|199||3-5-0-0-1-1||16000|
200|200||3-5-0-0-1-1||12320|
