1|1||3-5-0-0-1-1||12300|
2|2||3-5-0-0-1-1||12300|
3|3||3-5-0-0-1-1||12300|
4|4||3-5-0-0-1-1||12400|
5|5||3-5-0-0-1-1||12300|
6|6||3-5-0-0-1-1||20635|
7|7||3-5-0-0-1-1||12300|
8|8||3-5-0-0-1-1||12300|
9|9||3-5-0-0-1-1||3167000|
10|10||3-5-0-0-1-1||12300|
11|11||3-5-0-0-1-1||12600|
12|12||3-5-0-0-1-1||18900|
13|13||3-5-0-0-1-1||3100|
14|14||3-5-0-0-1-1||241340|
15|15||3-5-0-0-1-1||110880|
16|16||3-5-0-0-1-1||12420|
17|17||3-5-0-0-1-1||36960|
18|18||3-5-0-0-1-1||918722|
19|19||3-5-0-0-1-1||12320|
20|20||3-5-0-0-1-1||44720|
21|21||3-5-0-0-1-1||32100|
22|22||3-5-0-0-1-1||10200|
23|23||3-5-0-0-1-1||10000|
24|24||3-5-0-0-1-1||285000|
25|25||3-5-0-0-1-1||38640|
26|26||3-5-0-0-1-1||6200|
27|27||3-5-0-0-1-1||12420|
28|28||3-5-0-0-1-1||12420|
29|29||3-5-0-0-1-1||12320|
30|30||3-5-0-0-1-1||6500|
31|31||3-5-0-0-1-1||6600|
32|32||3-5-0-0-1-1||131820|
33|33||3-5-0-0-1-1||6800|
34|34||3-5-0-0-1-1||37260|
35|35||3-5-0-0-1-1||79580|
36|36||3-5-0-0-1-1||12320|
37|37||3-5-0-0-1-1||480000|
38|38||3-5-0-0-1-1||130900|
39|39||3-5-0-0-1-1||9446|
40|40||3-5-0-0-1-1||231728|
41|41||3-5-0-0-1-1||2584600|
42|42||3-5-0-0-1-1||266470|
43|43||3-5-0-0-1-1||22497169|
44|44||3-5-0-0-1-1||176000|
45|45||3-5-0-0-1-1||114800|
46|46||3-5-0-0-1-1||1646600|
47|47||3-5-0-0-1-1||3653300|
48|48||3-5-0-0-1-1||66400|
49|49||3-5-0-0-1-1||31700|
50|50||3-5-0-0-1-1||93040|
51|51||3-5-0-0-1-1||230864|
52|52||3-5-0-0-1-1||282460|
53|53||3-5-0-0-1-1||11364400|
54|54||3-5-0-0-1-1||224500|
55|55||3-5-0-0-1-1||21400|
56|56||3-5-0-0-1-1||21000|
57|57||3-5-0-0-1-1||9900|
58|58||3-5-0-0-1-1||6947|
59|59||3-5-0-0-1-1||213000|
60|60||3-5-0-0-1-1||67160|
61|61||3-5-0-0-1-1||140000|
62|62||3-5-0-0-1-1||135900|
63|63||3-5-0-0-1-1||94100|
64|64||3-5-0-0-1-1||642100|
65|65||3-5-0-0-1-1||2415400|
66|66||3-5-0-0-1-1||12300|
67|67||3-5-0-0-1-1||12720|
68|68||3-5-0-0-1-1||76180|
69|69||3-5-0-0-1-1||12720|
70|70||3-5-0-0-1-1||12320|
71|71||3-5-0-0-1-1||12320|
72|72||3-5-0-0-1-1||12320|
73|73||3-5-0-0-1-1||123700|
74|74||3-5-0-0-1-1||126600|
75|75||3-5-0-0-1-1||122800|
76|76||3-5-0-0-1-1||39060|
77|77||3-5-0-0-1-1||135240|
78|78||3-5-0-0-1-1||373900|
79|79||3-5-0-0-1-1||1178940|
80|80||3-5-0-0-1-1||2100|
81|81||3-5-0-0-1-1||128700|
82|82||3-5-0-0-1-1||19195600|
83|83||3-5-0-0-1-1||682220|
84|84||3-5-0-0-1-1||1527457|
85|85||3-5-0-0-1-1||693481|
86|86||3-5-0-0-1-1||2770207|
87|87||3-5-0-0-1-1||20000|
88|88||3-5-0-0-1-1||19500|
89|89||3-5-0-0-1-1||511500|
90|90||3-5-0-0-1-1||1472032|
91|91||3-5-0-0-1-1||1992180|
92|92||3-5-0-0-1-1||29200|
93|93||3-5-0-0-1-1||3010819|
94|94||3-5-0-0-1-1||887183|
95|95||3-5-0-0-1-1||884416|
96|96||3-5-0-0-1-1||4858240|
97|97||3-5-0-0-1-1||712904|
98|98||3-5-0-0-1-1||86240|
99|99||3-5-0-0-1-1||178968|
100|100||3-5-0-0-1-1||69515000|
101|101||3-5-0-0-1-1||103525|
102|102||3-5-0-0-1-1||12320|
103|103||3-5-0-0-1-1||24600|
104|104||3-5-0-0-1-1||12300|
105|105||3-5-0-0-1-1||12600|
106|106||3-5-0-0-1-1||24600|
107|107||3-5-0-0-1-1||58500|
108|108||3-5-0-0-1-1||12300|
109|109||3-5-0-0-1-1||700|
110|110||3-5-0-0-1-1||12300|
111|111||3-5-0-0-1-1||12400|
112|112||3-5-0-0-1-1||12400|
113|113||3-5-0-0-1-1||12300|
114|114||3-5-0-0-1-1||12300|
115|115||3-5-0-0-1-1||12300|
116|116||3-5-0-0-1-1||12300|
117|117||3-5-0-0-1-1||610700|
118|118||3-5-0-0-1-1||24600|
119|119||3-5-0-0-1-1||12300|
120|120||3-5-0-0-1-1||20000|
121|121||3-5-0-0-1-1||800|
122|122||3-5-0-0-1-1||12300|
123|123||3-5-0-0-1-1||17000|
124|124||3-5-0-0-1-1||49200|
125|125||3-5-0-0-1-1||24600|
126|126||3-5-0-0-1-1||15600|
127|127||3-5-0-0-1-1||12400|
128|128||3-5-0-0-1-1||12300|
129|129||3-5-0-0-1-1||12300|
130|130||3-5-0-0-1-1||1428840|
131|131||3-5-0-0-1-1||24600|
132|132||3-5-0-0-1-1||63200|
133|133||3-5-0-0-1-1||12300|
134|134||3-5-0-0-1-1||24600|
135|135||3-5-0-0-1-1||370450|
136|136||3-5-0-0-1-1||61500|
137|137||3-5-0-0-1-1||12300|
138|138||3-5-0-0-1-1||66100|
139|139||3-5-0-0-1-1||18500|
140|140||3-5-0-0-1-1||24600|
141|141||3-5-0-0-1-1||36900|
142|142||3-5-0-0-1-1||24700|
143|143||3-5-0-0-1-1||12600|
144|144||3-5-0-0-1-1||150805|
145|145||3-5-0-0-1-1||12300|
146|146||3-5-0-0-1-1||12320|
147|147||3-5-0-0-1-1||15600|
148|148||3-5-0-0-1-1||12300|
149|149||3-5-0-0-1-1||12400|
150|150||3-5-0-0-1-1||12700|
151|151||3-5-0-0-1-1||12700|
152|152||3-5-0-0-1-1||12320|
153|153||3-5-0-0-1-1||12300|
154|154||3-5-0-0-1-1||14100|
155|155||3-5-0-0-1-1||24640|
156|156||3-5-0-0-1-1||17000|
157|157||3-5-0-0-1-1||12420|
158|158||3-5-0-0-1-1||9240|
159|159||3-5-0-0-1-1||181600|
160|160||3-5-0-0-1-1||12620|
161|161||3-5-0-0-1-1||2920|
162|162||3-5-0-0-1-1||54960|
163|163||3-5-0-0-1-1||17200|
164|164||3-5-0-0-1-1||24740|
165|165||3-5-0-0-1-1||12320|
166|166||3-5-0-0-1-1||36960|
167|167||3-5-0-0-1-1||45040|
168|168||3-5-0-0-1-1||24640|
169|169||3-5-0-0-1-1||24740|
170|170||3-5-0-0-1-1||98860|
171|171||3-5-0-0-1-1||42050|
172|172||3-5-0-0-1-1||267303|
173|173||3-5-0-0-1-1||525580|
174|174||3-5-0-0-1-1||400540|
175|175||3-5-0-0-1-1||18200|
176|176||3-5-0-0-1-1||36960|
177|177||3-5-0-0-1-1||5760|
178|178||3-5-0-0-1-1||22280|
179|179||3-5-0-0-1-1||7600|
180|180||3-5-0-0-1-1||12320|
181|181||3-5-0-0-1-1||24640|
182|182||3-5-0-0-1-1||36980|
183|183||3-5-0-0-1-1||27400|
184|184||3-5-0-0-1-1||61400|
185|185||3-5-0-0-1-1||67400|
186|186||3-5-0-0-1-1||24640|
187|187||3-5-0-0-1-1||1643|
188|188||3-5-0-0-1-1||36960|
189|189||3-5-0-0-1-1||65960|
190|190||3-5-0-0-1-1||23408|
191|191||3-5-0-0-1-1||129100|
192|192||3-5-0-0-1-1||12320|
193|193||3-5-0-0-1-1||12320|
194|194||3-5-0-0-1-1||12520|
195|195||3-5-0-0-1-1||12320|
196|196||3-5-0-0-1-1||280000|
197|197||3-5-0-0-1-1||44200|
198|198||3-5-0-0-1-1||12320|
199|199||3-5-0-0-1-1||4107|
200|200||3-5-0-0-1-1||12320|
