1|1||3-5-0-0-1-1||900|
2|2||3-5-0-0-1-1||12420|
3|3||3-5-0-0-1-1||12400|
4|4||3-5-0-0-1-1||24640|
5|5||3-5-0-0-1-1||12720|
6|6||3-5-0-0-1-1||13020|
7|7||3-5-0-0-1-1||12420|
8|8||3-5-0-0-1-1||26000|
9|9||3-5-0-0-1-1||26700|
10|10||3-5-0-0-1-1||36960|
11|11||3-5-0-0-1-1||54420|
12|12||3-5-0-0-1-1||12320|
13|13||3-5-0-0-1-1||75680|
14|14||3-5-0-0-1-1||13500|
15|15||3-5-0-0-1-1||13220|
16|16||3-5-0-0-1-1||12620|
17|17||3-5-0-0-1-1||12920|
18|18||3-5-0-0-1-1||12320|
19|19||3-5-0-0-1-1||12320|
20|20||3-5-0-0-1-1||14000|
21|21||3-5-0-0-1-1||12320|
22|22||3-5-0-0-1-1||610600|
23|23||3-5-0-0-1-1||76320|
24|24||3-5-0-0-1-1||30200|
25|25||3-5-0-0-1-1||1401540|
26|26||3-5-0-0-1-1||13100|
27|27||3-5-0-0-1-1||74100|
28|28||3-5-0-0-1-1||58600|
29|29||3-5-0-0-1-1||54500|
30|30||3-5-0-0-1-1||56900|
31|31||3-5-0-0-1-1||55700|
32|32||3-5-0-0-1-1||75500|
33|33||3-5-0-0-1-1||53300|
34|34||3-5-0-0-1-1||52100|
35|35||3-5-0-0-1-1||53100|
36|36||3-5-0-0-1-1||50900|
37|37||3-5-0-0-1-1||49600|
38|38||3-5-0-0-1-1||50800|
39|39||3-5-0-0-1-1||49280|
40|40||3-5-0-0-1-1||158500|
41|41||3-5-0-0-1-1||3792700|
42|42||3-5-0-0-1-1||300000|
43|43||3-5-0-0-1-1||140800|
44|44||3-5-0-0-1-1||112120|
45|45||3-5-0-0-1-1||254300|
46|46||3-5-0-0-1-1||1150120|
47|47||3-5-0-0-1-1||12320|
48|48||3-5-0-0-1-1||12320|
49|49||3-5-0-0-1-1||44885920|
50|50||3-5-0-0-1-1||13000|
51|51||3-5-0-0-1-1||141100|
52|52||3-5-0-0-1-1||509340|
53|53||3-5-0-0-1-1||806500|
54|54||3-5-0-0-1-1||235700|
55|55||3-5-0-0-1-1||221800|
56|56||3-5-0-0-1-1||465400|
57|57||3-5-0-0-1-1||106000|
58|58||3-5-0-0-1-1||12320|
59|59||3-5-0-0-1-1||24740|
60|60||3-5-0-0-1-1||12320|
61|61||3-5-0-0-1-1||119100|
62|62||3-5-0-0-1-1||1082600|
63|63||3-5-0-0-1-1||16000|
64|64||3-5-0-0-1-1||27840|
65|65||3-5-0-0-1-1||971900|
66|66||3-5-0-0-1-1||470200|
67|67||3-5-0-0-1-1||12320|
68|68||3-5-0-0-1-1||425040|
69|69||3-5-0-0-1-1||24640|
70|70||3-5-0-0-1-1||24640|
71|71||3-5-0-0-1-1||11340|
72|72||3-5-0-0-1-1||760000|
73|73||3-5-0-0-1-1||16000|
74|74||3-5-0-0-1-1||152500|
75|75||3-5-0-0-1-1||9100|
76|76||3-5-0-0-1-1||12320|
77|77||3-5-0-0-1-1||12320|
78|78||3-5-0-0-1-1||12320|
79|79||3-5-0-0-1-1||12320|
80|80||3-5-0-0-1-1||4100|
81|81||3-5-0-0-1-1||12320|
82|82||3-5-0-0-1-1||12320|
83|83||3-5-0-0-1-1||12420|
84|84||3-5-0-0-1-1||473200|
85|85||3-5-0-0-1-1||134000|
86|86||3-5-0-0-1-1||12700|
87|87||3-5-0-0-1-1||12320|
88|88||3-5-0-0-1-1||12320|
89|89||3-5-0-0-1-1||72000|
90|90||3-5-0-0-1-1||24640|
91|91||3-5-0-0-1-1||25103|
92|92||3-5-0-0-1-1||12320|
93|93||3-5-0-0-1-1||12320|
94|94||3-5-0-0-1-1||12324|
95|95||3-5-0-0-1-1||12320|
96|96||3-5-0-0-1-1||12620|
97|97||3-5-0-0-1-1||308000|
98|98||3-5-0-0-1-1||320320|
99|99||3-5-0-0-1-1||24640|
100|100||3-5-0-0-1-1||12420|
101|101||3-5-0-0-1-1||25620|
102|102||3-5-0-0-1-1||15000|
103|103||3-5-0-0-1-1||30080|
104|104||3-5-0-0-1-1||12320|
105|105||3-5-0-0-1-1||12320|
106|106||3-5-0-0-1-1||13020|
107|107||3-5-0-0-1-1||12320|
108|108||3-5-0-0-1-1||12320|
109|109||3-5-0-0-1-1||12320|
110|110||3-5-0-0-1-1||12320|
111|111||3-5-0-0-1-1||12320|
112|112||3-5-0-0-1-1||12320|
113|113||3-5-0-0-1-1||90620|
114|114||3-5-0-0-1-1||39340|
115|115||3-5-0-0-1-1||221760|
116|116||3-5-0-0-1-1||198220|
117|117||3-5-0-0-1-1||127860|
118|118||3-5-0-0-1-1||12620|
119|119||3-5-0-0-1-1||24740|
120|120||3-5-0-0-1-1||12320|
121|121||3-5-0-0-1-1||24740|
122|122||3-5-0-0-1-1||24640|
123|123||3-5-0-0-1-1||12320|
124|124||3-5-0-0-1-1||6160|
125|125||3-5-0-0-1-1||1163100|
126|126||3-5-0-0-1-1||14115600|
127|127||3-5-0-0-1-1||308000|
128|128||3-5-0-0-1-1||24740|
129|129||3-5-0-0-1-1||12320|
130|130||3-5-0-0-1-1||12320|
131|131||3-5-0-0-1-1||12400|
132|132||3-5-0-0-1-1||9900|
133|133||3-5-0-0-1-1||12320|
134|134||3-5-0-0-1-1||9500|
135|135||3-5-0-0-1-1||242439|
136|136||3-5-0-0-1-1||922160|
137|137||3-5-0-0-1-1||112100|
138|138||3-5-0-0-1-1||122800|
139|139||3-5-0-0-1-1||12420|
140|140||3-5-0-0-1-1||1240|
141|141||3-5-0-0-1-1||51900|
142|142||3-5-0-0-1-1||1300|
143|143||3-5-0-0-1-1||777500|
144|144||3-5-0-0-1-1||130720|
145|145||3-5-0-0-1-1||14000|
146|146||3-5-0-0-1-1||1|
147|147||3-5-0-0-1-1||1|
148|148||3-5-0-0-1-1||203100|
149|149||3-5-0-0-1-1||24640|
150|150||3-5-0-0-1-1||252000|
151|151||3-5-0-0-1-1||18310200|
152|152||3-5-0-0-1-1||18800|
153|153||3-5-0-0-1-1||37200|
154|154||3-5-0-0-1-1||16000|
155|155||3-5-0-0-1-1||12320|
156|156||3-5-0-0-1-1||1004200|
157|157||3-5-0-0-1-1||447080|
158|158||3-5-0-0-1-1||807500|
159|159||3-5-0-0-1-1||12400|
160|160||3-5-0-0-1-1||346200|
161|161||3-5-0-0-1-1||11800|
162|162||3-5-0-0-1-1||17800|
163|163||3-5-0-0-1-1||36960|
164|164||3-5-0-0-1-1||12420|
165|165||3-5-0-0-1-1||49200|
166|166||3-5-0-0-1-1||12920|
167|167||3-5-0-0-1-1||12320|
168|168||3-5-0-0-1-1||12420|
169|169||3-5-0-0-1-1||12620|
170|170||3-5-0-0-1-1||17700|
171|171||3-5-0-0-1-1||99100|
172|172||3-5-0-0-1-1||37840|
173|173||3-5-0-0-1-1||12420|
174|174||3-5-0-0-1-1||61900|
175|175||3-5-0-0-1-1||2122500|
176|176||3-5-0-0-1-1||124800|
177|177||3-5-0-0-1-1||12320|
178|178||3-5-0-0-1-1||200200|
179|179||3-5-0-0-1-1||248000|
180|180||3-5-0-0-1-1||128200|
181|181||3-5-0-0-1-1||822|
182|182||3-5-0-0-1-1||344600|
183|183||3-5-0-0-1-1||12320|
184|184||3-5-0-0-1-1||74120|
185|185||3-5-0-0-1-1||12600|
186|186||3-5-0-0-1-1||400|
187|187||3-5-0-0-1-1||12300|
188|188||3-5-0-0-1-1||1275600|
189|189||3-5-0-0-1-1||12320|
190|190||3-5-0-0-1-1||14900|
191|191||3-5-0-0-1-1||57500|
192|192||3-5-0-0-1-1||282800|
193|193||3-5-0-0-1-1||334900|
194|194||3-5-0-0-1-1||1936500|
195|195||3-5-0-0-1-1||48700|
196|196||3-5-0-0-1-1||30000|
197|197||3-5-0-0-1-1||386000|
198|198||3-5-0-0-1-1||86600|
199|199||3-5-0-0-1-1||27400|
200|200||3-5-0-0-1-1||72320|
