1|1||3-5-0-0-1-1||535940|
2|2||3-5-0-0-1-1||755020|
3|3||3-5-0-0-1-1||198400|
4|4||3-5-0-0-1-1||196300|
5|5||3-5-0-0-1-1||1447000|
6|6||3-5-0-0-1-1||208700|
7|7||3-5-0-0-1-1||446800|
8|8||3-5-0-0-1-1||779480|
9|9||3-5-0-0-1-1||126000|
10|10||3-5-0-0-1-1||12320|
11|11||3-5-0-0-1-1||12300|
12|12||3-5-0-0-1-1||68700|
13|13||3-5-0-0-1-1||12320|
14|14||3-5-0-0-1-1||167160|
15|15||3-5-0-0-1-1||12420|
16|16||3-5-0-0-1-1||12320|
17|17||3-5-0-0-1-1||4544000|
18|18||3-5-0-0-1-1||502000|
19|19||3-5-0-0-1-1||23700|
20|20||3-5-0-0-1-1||118900|
21|21||3-5-0-0-1-1||24740|
22|22||3-5-0-0-1-1||325900|
23|23||3-5-0-0-1-1||9163800|
24|24||3-5-0-0-1-1||126100|
25|25||3-5-0-0-1-1||12320|
26|26||3-5-0-0-1-1||12320|
27|27||3-5-0-0-1-1||274544|
28|28||3-5-0-0-1-1||268600|
29|29||3-5-0-0-1-1||12320|
30|30||3-5-0-0-1-1||55000|
31|31||3-5-0-0-1-1||55000|
32|32||3-5-0-0-1-1||167620|
33|33||3-5-0-0-1-1||16300|
34|34||3-5-0-0-1-1||1100|
35|35||3-5-0-0-1-1||18480|
36|36||3-5-0-0-1-1||12320|
37|37||3-5-0-0-1-1||3080|
38|38||3-5-0-0-1-1||13200|
39|39||3-5-0-0-1-1||56960|
40|40||3-5-0-0-1-1||181180|
41|41||3-5-0-0-1-1||187772|
42|42||3-5-0-0-1-1||206300|
43|43||3-5-0-0-1-1||130700|
44|44||3-5-0-0-1-1||12620|
45|45||3-5-0-0-1-1||1416800|
46|46||3-5-0-0-1-1||2590200|
47|47||3-5-0-0-1-1||64640|
48|48||3-5-0-0-1-1||12320|
49|49||3-5-0-0-1-1||37260|
50|50||3-5-0-0-1-1||293140|
51|51||3-5-0-0-1-1||61620|
52|52||3-5-0-0-1-1||143000|
53|53||3-5-0-0-1-1||12400|
54|54||3-5-0-0-1-1||12320|
55|55||3-5-0-0-1-1||11024|
56|56||3-5-0-0-1-1||70200|
57|57||3-5-0-0-1-1||3080|
58|58||3-5-0-0-1-1||8105|
59|59||3-5-0-0-1-1||2316|
60|60||3-5-0-0-1-1||12420|
61|61||3-5-0-0-1-1||65600|
62|62||3-5-0-0-1-1||49480|
63|63||3-5-0-0-1-1||76340|
64|64||3-5-0-0-1-1||61600|
65|65||3-5-0-0-1-1||24640|
66|66||3-5-0-0-1-1||24640|
67|67||3-5-0-0-1-1||12320|
68|68||3-5-0-0-1-1||59640|
69|69||3-5-0-0-1-1||98560|
70|70||3-5-0-0-1-1||12600|
71|71||3-5-0-0-1-1||49280|
72|72||3-5-0-0-1-1||12320|
73|73||3-5-0-0-1-1||62080|
74|74||3-5-0-0-1-1||1680|
75|75||3-5-0-0-1-1||66700|
76|76||3-5-0-0-1-1||24640|
77|77||3-5-0-0-1-1||12320|
78|78||3-5-0-0-1-1||13560|
79|79||3-5-0-0-1-1||200|
80|80||3-5-0-0-1-1||116200|
81|81||3-5-0-0-1-1||229200|
82|82||3-5-0-0-1-1||84000|
83|83||3-5-0-0-1-1||12420|
84|84||3-5-0-0-1-1||12720|
85|85||3-5-0-0-1-1||37580|
86|86||3-5-0-0-1-1||12320|
87|87||3-5-0-0-1-1||12320|
88|88||3-5-0-0-1-1||36960|
89|89||3-5-0-0-1-1||35500|
90|90||3-5-0-0-1-1||43700|
91|91||3-5-0-0-1-1||17248|
92|92||3-5-0-0-1-1||12320|
93|93||3-5-0-0-1-1||25140|
94|94||3-5-0-0-1-1||12320|
95|95||3-5-0-0-1-1||102268|
96|96||3-5-0-0-1-1||14900|
97|97||3-5-0-0-1-1||42|
98|98||3-5-0-0-1-1||328700|
99|99||3-5-0-0-1-1||334878|
100|100||3-5-0-0-1-1||589700|
101|101||3-5-0-0-1-1||254000|
102|102||3-5-0-0-1-1||12320|
103|103||3-5-0-0-1-1||12320|
104|104||3-5-0-0-1-1||12320|
105|105||3-5-0-0-1-1||49480|
106|106||3-5-0-0-1-1||14940|
107|107||3-5-0-0-1-1||15400|
108|108||3-5-0-0-1-1||40320|
109|109||3-5-0-0-1-1||12320|
110|110||3-5-0-0-1-1||300460|
111|111||3-5-0-0-1-1||12620|
112|112||3-5-0-0-1-1||2100|
113|113||3-5-0-0-1-1||12320|
114|114||3-5-0-0-1-1||177600|
115|115||3-5-0-0-1-1||1028400|
116|116||3-5-0-0-1-1||133600|
117|117||3-5-0-0-1-1||3103800|
118|118||3-5-0-0-1-1||510440|
119|119||3-5-0-0-1-1||3257800|
120|120||3-5-0-0-1-1||218400|
121|121||3-5-0-0-1-1||308200|
122|122||3-5-0-0-1-1||12320|
123|123||3-5-0-0-1-1||12420|
124|124||3-5-0-0-1-1||4107|
125|125||3-5-0-0-1-1||12320|
126|126||3-5-0-0-1-1||200900|
127|127||3-5-0-0-1-1||12320|
128|128||3-5-0-0-1-1||12320|
129|129||3-5-0-0-1-1||30840|
130|130||3-5-0-0-1-1||4900|
131|131||3-5-0-0-1-1||36960|
132|132||3-5-0-0-1-1||29400|
133|133||3-5-0-0-1-1||12320|
134|134||3-5-0-0-1-1||412320|
135|135||3-5-0-0-1-1||2777700|
136|136||3-5-0-0-1-1||12320|
137|137||3-5-0-0-1-1||54340|
138|138||3-5-0-0-1-1||49280|
139|139||3-5-0-0-1-1||137760|
140|140||3-5-0-0-1-1||402860|
141|141||3-5-0-0-1-1||20000|
142|142||3-5-0-0-1-1||8624|
143|143||3-5-0-0-1-1||1293400|
144|144||3-5-0-0-1-1||597300|
145|145||3-5-0-0-1-1||1007500|
146|146||3-5-0-0-1-1||739800|
147|147||3-5-0-0-1-1||5066600|
148|148||3-5-0-0-1-1||7900|
149|149||3-5-0-0-1-1||14831800|
150|150||3-5-0-0-1-1||22880|
151|151||3-5-0-0-1-1||842000|
152|152||3-5-0-0-1-1||160000|
153|153||3-5-0-0-1-1||272200|
154|154||3-5-0-0-1-1||71440|
155|155||3-5-0-0-1-1||12320|
156|156||3-5-0-0-1-1||800|
157|157||3-5-0-0-1-1||1745700|
158|158||3-5-0-0-1-1||12620|
159|159||3-5-0-0-1-1||151520|
160|160||3-5-0-0-1-1||24840|
161|161||3-5-0-0-1-1||27720|
162|162||3-5-0-0-1-1||86100|
163|163||3-5-0-0-1-1||12300|
164|164||3-5-0-0-1-1||6200|
165|165||3-5-0-0-1-1||12400|
166|166||3-5-0-0-1-1||12320|
167|167||3-5-0-0-1-1||12320|
168|168||3-5-0-0-1-1||12320|
169|169||3-5-0-0-1-1||12320|
170|170||3-5-0-0-1-1||12320|
171|171||3-5-0-0-1-1||12320|
172|172||3-5-0-0-1-1||12620|
173|173||3-5-0-0-1-1||49480|
174|174||3-5-0-0-1-1||6360|
175|175||3-5-0-0-1-1||12420|
176|176||3-5-0-0-1-1||12320|
177|177||3-5-0-0-1-1||24740|
178|178||3-5-0-0-1-1||6200|
179|179||3-5-0-0-1-1||65727|
180|180||3-5-0-0-1-1||12400|
181|181||3-5-0-0-1-1||11600|
182|182||3-5-0-0-1-1||13700|
183|183||3-5-0-0-1-1||12320|
184|184||3-5-0-0-1-1||45140|
185|185||3-5-0-0-1-1||59480|
186|186||3-5-0-0-1-1||12300|
187|187||3-5-0-0-1-1||28340|
188|188||3-5-0-0-1-1||98980|
189|189||3-5-0-0-1-1||47250|
190|190||3-5-0-0-1-1||12920|
191|191||3-5-0-0-1-1||11400|
192|192||3-5-0-0-1-1||111280|
193|193||3-5-0-0-1-1||6200|
194|194||3-5-0-0-1-1||12720|
195|195||3-5-0-0-1-1||14700|
196|196||3-5-0-0-1-1||37260|
197|197||3-5-0-0-1-1||12320|
198|198||3-5-0-0-1-1||3445|
199|199||3-5-0-0-1-1||12420|
200|200||3-5-0-0-1-1||14600|
