1|1||3-5-0-0-1-1||12320|
2|2||3-5-0-0-1-1||58700|
3|3||3-5-0-0-1-1||123200|
4|4||3-5-0-0-1-1||33200|
5|5||3-5-0-0-1-1||52440|
6|6||3-5-0-0-1-1||67300|
7|7||3-5-0-0-1-1||19100|
8|8||3-5-0-0-1-1||19640|
9|9||3-5-0-0-1-1||141500|
10|10||3-5-0-0-1-1||131700|
11|11||3-5-0-0-1-1||12420|
12|12||3-5-0-0-1-1||32320|
13|13||3-5-0-0-1-1||99160|
14|14||3-5-0-0-1-1||49280|
15|15||3-5-0-0-1-1||113600|
16|16||3-5-0-0-1-1||4107|
17|17||3-5-0-0-1-1||12320|
18|18||3-5-0-0-1-1||24740|
19|19||3-5-0-0-1-1||12320|
20|20||3-5-0-0-1-1||11080|
21|21||3-5-0-0-1-1||12400|
22|22||3-5-0-0-1-1||12420|
23|23||3-5-0-0-1-1||12320|
24|24||3-5-0-0-1-1||30820|
25|25||3-5-0-0-1-1||12300|
26|26||3-5-0-0-1-1||43100|
27|27||3-5-0-0-1-1||12300|
28|28||3-5-0-0-1-1||5060|
29|29||3-5-0-0-1-1||12320|
30|30||3-5-0-0-1-1||12620|
31|31||3-5-0-0-1-1||3080|
32|32||3-5-0-0-1-1||12520|
33|33||3-5-0-0-1-1||12320|
34|34||3-5-0-0-1-1||86240|
35|35||3-5-0-0-1-1||49280|
36|36||3-5-0-0-1-1||12320|
37|37||3-5-0-0-1-1||6200|
38|38||3-5-0-0-1-1||18820|
39|39||3-5-0-0-1-1||24740|
40|40||3-5-0-0-1-1||27140|
41|41||3-5-0-0-1-1||18520|
42|42||3-5-0-0-1-1||34100|
43|43||3-5-0-0-1-1||175460|
44|44||3-5-0-0-1-1||24640|
45|45||3-5-0-0-1-1||12320|
46|46||3-5-0-0-1-1||14800|
47|47||3-5-0-0-1-1||24640|
48|48||3-5-0-0-1-1||12320|
49|49||3-5-0-0-1-1||25440|
50|50||3-5-0-0-1-1||24640|
51|51||3-5-0-0-1-1||12320|
52|52||3-5-0-0-1-1||24640|
53|53||3-5-0-0-1-1||66500|
54|54||3-5-0-0-1-1||12720|
55|55||3-5-0-0-1-1||12320|
56|56||3-5-0-0-1-1||40400|
57|57||3-5-0-0-1-1||30500|
58|58||3-5-0-0-1-1||26540|
59|59||3-5-0-0-1-1||25940|
60|60||3-5-0-0-1-1||12320|
61|61||3-5-0-0-1-1||26600|
62|62||3-5-0-0-1-1||793844|
63|63||3-5-0-0-1-1||24762|
64|64||3-5-0-0-1-1||244460|
65|65||3-5-0-0-1-1||247400|
66|66||3-5-0-0-1-1||800|
67|67||3-5-0-0-1-1||90640|
68|68||3-5-0-0-1-1||150200|
69|69||3-5-0-0-1-1||123700|
70|70||3-5-0-0-1-1||276960|
71|71||3-5-0-0-1-1||64000|
72|72||3-5-0-0-1-1||24740|
73|73||3-5-0-0-1-1||74200|
74|74||3-5-0-0-1-1||553037|
75|75||3-5-0-0-1-1||98400|
76|76||3-5-0-0-1-1||562780|
77|77||3-5-0-0-1-1||241500|
78|78||3-5-0-0-1-1||49480|
79|79||3-5-0-0-1-1||2351611|
80|80||3-5-0-0-1-1||70740|
81|81||3-5-0-0-1-1||813340|
82|82||3-5-0-0-1-1||24640|
83|83||3-5-0-0-1-1||24640|
84|84||3-5-0-0-1-1||36960|
85|85||3-5-0-0-1-1||425180|
86|86||3-5-0-0-1-1||1638560|
87|87||3-5-0-0-1-1||12320|
88|88||3-5-0-0-1-1||465700|
89|89||3-5-0-0-1-1||37900|
90|90||3-5-0-0-1-1||12420|
91|91||3-5-0-0-1-1||129200|
92|92||3-5-0-0-1-1||12320|
93|93||3-5-0-0-1-1||149000|
94|94||3-5-0-0-1-1||63700|
95|95||3-5-0-0-1-1||12420|
96|96||3-5-0-0-1-1||944220|
97|97||3-5-0-0-1-1||12676700|
98|98||3-5-0-0-1-1||12300|
99|99||3-5-0-0-1-1||35740|
100|100||3-5-0-0-1-1||24640|
101|101||3-5-0-0-1-1||400|
102|102||3-5-0-0-1-1||2154305|
103|103||3-5-0-0-1-1||2880|
104|104||3-5-0-0-1-1||211400|
105|105||3-5-0-0-1-1||1089200|
106|106||3-5-0-0-1-1||30950|
107|107||3-5-0-0-1-1||979820|
108|108||3-5-0-0-1-1||11686840|
109|109||3-5-0-0-1-1||161880|
110|110||3-5-0-0-1-1||37260|
111|111||3-5-0-0-1-1||24740|
112|112||3-5-0-0-1-1||200500|
113|113||3-5-0-0-1-1||24740|
114|114||3-5-0-0-1-1||36960|
115|115||3-5-0-0-1-1||52700|
116|116||3-5-0-0-1-1||12320|
117|117||3-5-0-0-1-1||200|
118|118||3-5-0-0-1-1||15320|
119|119||3-5-0-0-1-1||12320|
120|120||3-5-0-0-1-1||12320|
121|121||3-5-0-0-1-1||134800|
122|122||3-5-0-0-1-1||588486|
123|123||3-5-0-0-1-1||123200|
124|124||3-5-0-0-1-1||24640|
125|125||3-5-0-0-1-1||12320|
126|126||3-5-0-0-1-1||166360|
127|127||3-5-0-0-1-1||49280|
128|128||3-5-0-0-1-1||24640|
129|129||3-5-0-0-1-1||69120|
130|130||3-5-0-0-1-1||23000|
131|131||3-5-0-0-1-1||11800|
132|132||3-5-0-0-1-1||62240|
133|133||3-5-0-0-1-1||24640|
134|134||3-5-0-0-1-1||79520|
135|135||3-5-0-0-1-1||10500|
136|136||3-5-0-0-1-1||12800|
137|137||3-5-0-0-1-1||75820|
138|138||3-5-0-0-1-1||134720|
139|139||3-5-0-0-1-1||13907847|
140|140||3-5-0-0-1-1||135263|
141|141||3-5-0-0-1-1||95600|
142|142||3-5-0-0-1-1||12320|
143|143||3-5-0-0-1-1||100060|
144|144||3-5-0-0-1-1||7288500|
145|145||3-5-0-0-1-1||36960|
146|146||3-5-0-0-1-1||107540|
147|147||3-5-0-0-1-1||23200|
148|148||3-5-0-0-1-1||4566200|
149|149||3-5-0-0-1-1||24600|
150|150||3-5-0-0-1-1||12320|
151|151||3-5-0-0-1-1||420|
152|152||3-5-0-0-1-1||683600|
153|153||3-5-0-0-1-1||61600|
154|154||3-5-0-0-1-1||88644|
155|155||3-5-0-0-1-1||95480|
156|156||3-5-0-0-1-1||34600|
157|157||3-5-0-0-1-1||117260|
158|158||3-5-0-0-1-1||375600|
159|159||3-5-0-0-1-1||52100|
160|160||3-5-0-0-1-1||630|
161|161||3-5-0-0-1-1||12320|
162|162||3-5-0-0-1-1||373300|
163|163||3-5-0-0-1-1||1297660|
164|164||3-5-0-0-1-1||86240|
165|165||3-5-0-0-1-1||16000|
166|166||3-5-0-0-1-1||13020|
167|167||3-5-0-0-1-1||12620|
168|168||3-5-0-0-1-1||12320|
169|169||3-5-0-0-1-1||13400|
170|170||3-5-0-0-1-1||15000|
171|171||3-5-0-0-1-1||24640|
172|172||3-5-0-0-1-1||21000|
173|173||3-5-0-0-1-1||310600|
174|174||3-5-0-0-1-1||674420|
175|175||3-5-0-0-1-1||643720|
176|176||3-5-0-0-1-1||2150500|
177|177||3-5-0-0-1-1||755100|
178|178||3-5-0-0-1-1||243300|
179|179||3-5-0-0-1-1||112600|
180|180||3-5-0-0-1-1||96680|
181|181||3-5-0-0-1-1||49680|
182|182||3-5-0-0-1-1||31500|
183|183||3-5-0-0-1-1||4928|
184|184||3-5-0-0-1-1||7000|
185|185||3-5-0-0-1-1||24640|
186|186||3-5-0-0-1-1||34944|
187|187||3-5-0-0-1-1||112100|
188|188||3-5-0-0-1-1||12320|
189|189||3-5-0-0-1-1||123200|
190|190||3-5-0-0-1-1||12320|
191|191||3-5-0-0-1-1||81762|
192|192||3-5-0-0-1-1||73920|
193|193||3-5-0-0-1-1||12320|
194|194||3-5-0-0-1-1||150140|
195|195||3-5-0-0-1-1||36960|
196|196||3-5-0-0-1-1||12900|
197|197||3-5-0-0-1-1||12420|
198|198||3-5-0-0-1-1||12420|
199|199||3-5-0-0-1-1||12420|
200|200||3-5-0-0-1-1||12100|
