1|1||3-5-0-0-1-1||12320|
2|2||3-5-0-0-1-1||12320|
3|3||3-5-0-0-1-1||23580|
4|4||3-5-0-0-1-1||1011100|
5|5||3-5-0-0-1-1||130700|
6|6||3-5-0-0-1-1||25600|
7|7||3-5-0-0-1-1||24640|
8|8||3-5-0-0-1-1||196620|
9|9||3-5-0-0-1-1||1157100|
10|10||3-5-0-0-1-1||2562800|
11|11||3-5-0-0-1-1||24640|
12|12||3-5-0-0-1-1||65720|
13|13||3-5-0-0-1-1||44340|
14|14||3-5-0-0-1-1||45240|
15|15||3-5-0-0-1-1||30960|
16|16||3-5-0-0-1-1||150100|
17|17||3-5-0-0-1-1||29620|
18|18||3-5-0-0-1-1||49700|
19|19||3-5-0-0-1-1||8220|
20|20||3-5-0-0-1-1||195000|
21|21||3-5-0-0-1-1||182400|
22|22||3-5-0-0-1-1||100000|
23|23||3-5-0-0-1-1||5792000|
24|24||3-5-0-0-1-1||195680|
25|25||3-5-0-0-1-1||295900|
26|26||3-5-0-0-1-1||109920|
27|27||3-5-0-0-1-1||20000|
28|28||3-5-0-0-1-1||323540|
29|29||3-5-0-0-1-1||12320|
30|30||3-5-0-0-1-1||393900|
31|31||3-5-0-0-1-1||18600|
32|32||3-5-0-0-1-1||2356600|
33|33||3-5-0-0-1-1||975100|
34|34||3-5-0-0-1-1||480000|
35|35||3-5-0-0-1-1||12320|
36|36||3-5-0-0-1-1||403200|
37|37||3-5-0-0-1-1||43940|
38|38||3-5-0-0-1-1||2701700|
39|39||3-5-0-0-1-1||224200|
40|40||3-5-0-0-1-1||224200|
41|41||3-5-0-0-1-1||593580|
42|42||3-5-0-0-1-1||34300|
43|43||3-5-0-0-1-1||89700|
44|44||3-5-0-0-1-1||34600|
45|45||3-5-0-0-1-1||532200|
46|46||3-5-0-0-1-1||148600|
47|47||3-5-0-0-1-1||12320|
48|48||3-5-0-0-1-1||6160|
49|49||3-5-0-0-1-1||12420|
50|50||3-5-0-0-1-1||24640|
51|51||3-5-0-0-1-1||12320|
52|52||3-5-0-0-1-1||12300|
53|53||3-5-0-0-1-1||24700|
54|54||3-5-0-0-1-1||12320|
55|55||3-5-0-0-1-1||4107|
56|56||3-5-0-0-1-1||12320|
57|57||3-5-0-0-1-1||24640|
58|58||3-5-0-0-1-1||24740|
59|59||3-5-0-0-1-1||16900|
60|60||3-5-0-0-1-1||140640|
61|61||3-5-0-0-1-1||27700|
62|62||3-5-0-0-1-1||500|
63|63||3-5-0-0-1-1||12400|
64|64||3-5-0-0-1-1||36960|
65|65||3-5-0-0-1-1||61800|
66|66||3-5-0-0-1-1||73920|
67|67||3-5-0-0-1-1||9860|
68|68||3-5-0-0-1-1||111180|
69|69||3-5-0-0-1-1||12320|
70|70||3-5-0-0-1-1||15600|
71|71||3-5-0-0-1-1||24640|
72|72||3-5-0-0-1-1||14000|
73|73||3-5-0-0-1-1||12320|
74|74||3-5-0-0-1-1||6400|
75|75||3-5-0-0-1-1||6160|
76|76||3-5-0-0-1-1||71220|
77|77||3-5-0-0-1-1||3100|
78|78||3-5-0-0-1-1||15100|
79|79||3-5-0-0-1-1||12320|
80|80||3-5-0-0-1-1||12320|
81|81||3-5-0-0-1-1||14180|
82|82||3-5-0-0-1-1||38640|
83|83||3-5-0-0-1-1||12320|
84|84||3-5-0-0-1-1||6160|
85|85||3-5-0-0-1-1||12320|
86|86||3-5-0-0-1-1||12320|
87|87||3-5-0-0-1-1||37000|
88|88||3-5-0-0-1-1||12320|
89|89||3-5-0-0-1-1||12420|
90|90||3-5-0-0-1-1||12920|
91|91||3-5-0-0-1-1||44520|
92|92||3-5-0-0-1-1||12420|
93|93||3-5-0-0-1-1||12320|
94|94||3-5-0-0-1-1||37060|
95|95||3-5-0-0-1-1||100204|
96|96||3-5-0-0-1-1||74340|
97|97||3-5-0-0-1-1||2100|
98|98||3-5-0-0-1-1||61500|
99|99||3-5-0-0-1-1||12421|
100|100||3-5-0-0-1-1||24700|
101|101||3-5-0-0-1-1||61800|
102|102||3-5-0-0-1-1||12320|
103|103||3-5-0-0-1-1||12320|
104|104||3-5-0-0-1-1||12620|
105|105||3-5-0-0-1-1||23660|
106|106||3-5-0-0-1-1||12420|
107|107||3-5-0-0-1-1||98760|
108|108||3-5-0-0-1-1||12320|
109|109||3-5-0-0-1-1||61600|
110|110||3-5-0-0-1-1||12400|
111|111||3-5-0-0-1-1||74400|
112|112||3-5-0-0-1-1||12320|
113|113||3-5-0-0-1-1||12320|
114|114||3-5-0-0-1-1||123200|
115|115||3-5-0-0-1-1||2464|
116|116||3-5-0-0-1-1||24640|
117|117||3-5-0-0-1-1||12420|
118|118||3-5-0-0-1-1||61600|
119|119||3-5-0-0-1-1||2352060|
120|120||3-5-0-0-1-1||10300|
121|121||3-5-0-0-1-1||12320|
122|122||3-5-0-0-1-1||875700|
123|123||3-5-0-0-1-1||326700|
124|124||3-5-0-0-1-1||214360|
125|125||3-5-0-0-1-1||24640|
126|126||3-5-0-0-1-1||12320|
127|127||3-5-0-0-1-1||12320|
128|128||3-5-0-0-1-1||37060|
129|129||3-5-0-0-1-1||12320|
130|130||3-5-0-0-1-1||12320|
131|131||3-5-0-0-1-1||46800|
132|132||3-5-0-0-1-1||75720|
133|133||3-5-0-0-1-1||52800|
134|134||3-5-0-0-1-1||24740|
135|135||3-5-0-0-1-1||12620|
136|136||3-5-0-0-1-1||12320|
137|137||3-5-0-0-1-1||12400|
138|138||3-5-0-0-1-1||45600|
139|139||3-5-0-0-1-1||12320|
140|140||3-5-0-0-1-1||12320|
141|141||3-5-0-0-1-1||12300|
142|142||3-5-0-0-1-1||97800|
143|143||3-5-0-0-1-1||49480|
144|144||3-5-0-0-1-1||49380|
145|145||3-5-0-0-1-1||12320|
146|146||3-5-0-0-1-1||12320|
147|147||3-5-0-0-1-1||12520|
148|148||3-5-0-0-1-1||24740|
149|149||3-5-0-0-1-1||12320|
150|150||3-5-0-0-1-1||12520|
151|151||3-5-0-0-1-1||61900|
152|152||3-5-0-0-1-1||12600|
153|153||3-5-0-0-1-1||12300|
154|154||3-5-0-0-1-1||15800|
155|155||3-5-0-0-1-1||12420|
156|156||3-5-0-0-1-1||36960|
157|157||3-5-0-0-1-1||16427|
158|158||3-5-0-0-1-1||24840|
159|159||3-5-0-0-1-1||13220|
160|160||3-5-0-0-1-1||12320|
161|161||3-5-0-0-1-1||74200|
162|162||3-5-0-0-1-1||12320|
163|163||3-5-0-0-1-1||12420|
164|164||3-5-0-0-1-1||12320|
165|165||3-5-0-0-1-1||3600|
166|166||3-5-0-0-1-1||13020|
167|167||3-5-0-0-1-1||12720|
168|168||3-5-0-0-1-1||420|
169|169||3-5-0-0-1-1||18500|
170|170||3-5-0-0-1-1||37160|
171|171||3-5-0-0-1-1||12320|
172|172||3-5-0-0-1-1||12420|
173|173||3-5-0-0-1-1||12320|
174|174||3-5-0-0-1-1||12420|
175|175||3-5-0-0-1-1||12420|
176|176||3-5-0-0-1-1||12320|
177|177||3-5-0-0-1-1||67080|
178|178||3-5-0-0-1-1||12320|
179|179||3-5-0-0-1-1||28400|
180|180||3-5-0-0-1-1||73800|
181|181||3-5-0-0-1-1||12320|
182|182||3-5-0-0-1-1||17000|
183|183||3-5-0-0-1-1||6200|
184|184||3-5-0-0-1-1||12320|
185|185||3-5-0-0-1-1||2060|
186|186||3-5-0-0-1-1||12320|
187|187||3-5-0-0-1-1||112112|
188|188||3-5-0-0-1-1||25520|
189|189||3-5-0-0-1-1||12320|
190|190||3-5-0-0-1-1||12320|
191|191||3-5-0-0-1-1||12320|
192|192||3-5-0-0-1-1||12320|
193|193||3-5-0-0-1-1||12320|
194|194||3-5-0-0-1-1||12420|
195|195||3-5-0-0-1-1||12320|
196|196||3-5-0-0-1-1||24640|
197|197||3-5-0-0-1-1||12320|
198|198||3-5-0-0-1-1||38160|
199|199||3-5-0-0-1-1||37160|
200|200||3-5-0-0-1-1||2100|
