1|1||3-5-0-0-1-1||220500|
2|2||3-5-0-0-1-1||98580|
3|3||3-5-0-0-1-1||1000|
4|4||3-5-0-0-1-1||39540|
5|5||3-5-0-0-1-1||240000|
6|6||3-5-0-0-1-1||12320|
7|7||3-5-0-0-1-1||420|
8|8||3-5-0-0-1-1||1638900|
9|9||3-5-0-0-1-1||349900|
10|10||3-5-0-0-1-1||49280|
11|11||3-5-0-0-1-1||1134600|
12|12||3-5-0-0-1-1||166300|
13|13||3-5-0-0-1-1||25500|
14|14||3-5-0-0-1-1||12440|
15|15||3-5-0-0-1-1||81100|
16|16||3-5-0-0-1-1||81700|
17|17||3-5-0-0-1-1||12600|
18|18||3-5-0-0-1-1||81750|
19|19||3-5-0-0-1-1||16000|
20|20||3-5-0-0-1-1||13000|
21|21||3-5-0-0-1-1||12320|
22|22||3-5-0-0-1-1||38640|
23|23||3-5-0-0-1-1||18100|
24|24||3-5-0-0-1-1||97020|
25|25||3-5-0-0-1-1||338900|
26|26||3-5-0-0-1-1||879800|
27|27||3-5-0-0-1-1||203020|
28|28||3-5-0-0-1-1||600|
29|29||3-5-0-0-1-1||12420|
30|30||3-5-0-0-1-1||130620|
31|31||3-5-0-0-1-1||12320|
32|32||3-5-0-0-1-1||12300|
33|33||3-5-0-0-1-1||37260|
34|34||3-5-0-0-1-1||19800|
35|35||3-5-0-0-1-1||12300|
36|36||3-5-0-0-1-1||47843|
37|37||3-5-0-0-1-1||19300|
38|38||3-5-0-0-1-1||33344|
39|39||3-5-0-0-1-1||9024|
40|40||3-5-0-0-1-1||10720|
41|41||3-5-0-0-1-1||117000|
42|42||3-5-0-0-1-1||702500|
43|43||3-5-0-0-1-1||25000|
44|44||3-5-0-0-1-1||24640|
45|45||3-5-0-0-1-1||25500|
46|46||3-5-0-0-1-1||26100|
47|47||3-5-0-0-1-1||17200|
48|48||3-5-0-0-1-1||998478|
49|49||3-5-0-0-1-1||176357|
50|50||3-5-0-0-1-1||156500|
51|51||3-5-0-0-1-1||128060|
52|52||3-5-0-0-1-1||12320|
53|53||3-5-0-0-1-1||536800|
54|54||3-5-0-0-1-1||317300|
55|55||3-5-0-0-1-1||1610000|
56|56||3-5-0-0-1-1||58620|
57|57||3-5-0-0-1-1||182000|
58|58||3-5-0-0-1-1||61600|
59|59||3-5-0-0-1-1||12320|
60|60||3-5-0-0-1-1||12320|
61|61||3-5-0-0-1-1||12320|
62|62||3-5-0-0-1-1||20186000|
63|63||3-5-0-0-1-1||3033400|
64|64||3-5-0-0-1-1||19800|
65|65||3-5-0-0-1-1||11221900|
66|66||3-5-0-0-1-1||561300|
67|67||3-5-0-0-1-1||12420|
68|68||3-5-0-0-1-1||126400|
69|69||3-5-0-0-1-1||21400|
70|70||3-5-0-0-1-1||242900|
71|71||3-5-0-0-1-1||49300|
72|72||3-5-0-0-1-1||20071400|
73|73||3-5-0-0-1-1||210|
74|74||3-5-0-0-1-1||536000|
75|75||3-5-0-0-1-1||9240|
76|76||3-5-0-0-1-1||3500|
77|77||3-5-0-0-1-1||18000|
78|78||3-5-0-0-1-1||1819500|
79|79||3-5-0-0-1-1||606000|
80|80||3-5-0-0-1-1||125500|
81|81||3-5-0-0-1-1||12520|
82|82||3-5-0-0-1-1||125400|
83|83||3-5-0-0-1-1||1143500|
84|84||3-5-0-0-1-1||24840|
85|85||3-5-0-0-1-1||47606700|
86|86||3-5-0-0-1-1||17800|
87|87||3-5-0-0-1-1||343000|
88|88||3-5-0-0-1-1||5055700|
89|89||3-5-0-0-1-1||38562|
90|90||3-5-0-0-1-1||12320|
91|91||3-5-0-0-1-1||62520|
92|92||3-5-0-0-1-1||12320|
93|93||3-5-0-0-1-1||19000|
94|94||3-5-0-0-1-1||97100|
95|95||3-5-0-0-1-1||275027|
96|96||3-5-0-0-1-1||210700|
97|97||3-5-0-0-1-1||123400|
98|98||3-5-0-0-1-1||78400|
99|99||3-5-0-0-1-1||175000|
100|100||3-5-0-0-1-1||11640|
101|101||3-5-0-0-1-1||84060|
102|102||3-5-0-0-1-1||748400|
103|103||3-5-0-0-1-1||43400|
104|104||3-5-0-0-1-1||34300|
105|105||3-5-0-0-1-1||68820|
106|106||3-5-0-0-1-1||12320|
107|107||3-5-0-0-1-1||25200|
108|108||3-5-0-0-1-1||19720|
109|109||3-5-0-0-1-1||45600|
110|110||3-5-0-0-1-1||12400|
111|111||3-5-0-0-1-1||34500|
112|112||3-5-0-0-1-1||24640|
113|113||3-5-0-0-1-1||24620|
114|114||3-5-0-0-1-1||33200|
115|115||3-5-0-0-1-1||112100|
116|116||3-5-0-0-1-1||108600|
117|117||3-5-0-0-1-1||41350|
118|118||3-5-0-0-1-1||186710|
119|119||3-5-0-0-1-1||258550|
120|120||3-5-0-0-1-1||41167|
121|121||3-5-0-0-1-1||22800|
122|122||3-5-0-0-1-1||595547|
123|123||3-5-0-0-1-1||255800|
124|124||3-5-0-0-1-1||24840|
125|125||3-5-0-0-1-1||210820|
126|126||3-5-0-0-1-1||21000|
127|127||3-5-0-0-1-1||19300|
128|128||3-5-0-0-1-1||20200|
129|129||3-5-0-0-1-1||19800|
130|130||3-5-0-0-1-1||1858500|
131|131||3-5-0-0-1-1||143300|
132|132||3-5-0-0-1-1||130400|
133|133||3-5-0-0-1-1||138700|
134|134||3-5-0-0-1-1||1103572|
135|135||3-5-0-0-1-1||1320000|
136|136||3-5-0-0-1-1||1570740|
137|137||3-5-0-0-1-1||101600|
138|138||3-5-0-0-1-1||32596|
139|139||3-5-0-0-1-1||4107|
140|140||3-5-0-0-1-1||113000|
141|141||3-5-0-0-1-1||44200|
142|142||3-5-0-0-1-1||398660|
143|143||3-5-0-0-1-1||24800|
144|144||3-5-0-0-1-1||4960|
145|145||3-5-0-0-1-1||12400|
146|146||3-5-0-0-1-1||117200|
147|147||3-5-0-0-1-1||140000|
148|148||3-5-0-0-1-1||150000|
149|149||3-5-0-0-1-1||138000|
150|150||3-5-0-0-1-1||12620|
151|151||3-5-0-0-1-1||107740|
152|152||3-5-0-0-1-1||648020|
153|153||3-5-0-0-1-1||16262860|
154|154||3-5-0-0-1-1||115900|
155|155||3-5-0-0-1-1||413080|
156|156||3-5-0-0-1-1||25400|
157|157||3-5-0-0-1-1||126000|
158|158||3-5-0-0-1-1||20300|
159|159||3-5-0-0-1-1||12320|
160|160||3-5-0-0-1-1||12320|
161|161||3-5-0-0-1-1||12300|
162|162||3-5-0-0-1-1||150320|
163|163||3-5-0-0-1-1||11340|
164|164||3-5-0-0-1-1||24840|
165|165||3-5-0-0-1-1||123200|
166|166||3-5-0-0-1-1||102800|
167|167||3-5-0-0-1-1||203780|
168|168||3-5-0-0-1-1||150000|
169|169||3-5-0-0-1-1||2529000|
170|170||3-5-0-0-1-1||36960|
171|171||3-5-0-0-1-1||24740|
172|172||3-5-0-0-1-1||24640|
173|173||3-5-0-0-1-1||74580|
174|174||3-5-0-0-1-1||12320|
175|175||3-5-0-0-1-1||12320|
176|176||3-5-0-0-1-1||182000|
177|177||3-5-0-0-1-1||7657300|
178|178||3-5-0-0-1-1||350200|
179|179||3-5-0-0-1-1||640100|
180|180||3-5-0-0-1-1||731460|
181|181||3-5-0-0-1-1||62000|
182|182||3-5-0-0-1-1||223500|
183|183||3-5-0-0-1-1||276560|
184|184||3-5-0-0-1-1||24640|
185|185||3-5-0-0-1-1||12320|
186|186||3-5-0-0-1-1||12620|
187|187||3-5-0-0-1-1||5030|
188|188||3-5-0-0-1-1||20700|
189|189||3-5-0-0-1-1||140000|
190|190||3-5-0-0-1-1||140000|
191|191||3-5-0-0-1-1||232700|
192|192||3-5-0-0-1-1||37060|
193|193||3-5-0-0-1-1||4000|
194|194||3-5-0-0-1-1||24640|
195|195||3-5-0-0-1-1||34100|
196|196||3-5-0-0-1-1||840|
197|197||3-5-0-0-1-1||10100|
198|198||3-5-0-0-1-1||125800|
199|199||3-5-0-0-1-1||55200|
200|200||3-5-0-0-1-1||1910600|
