1|1||3-5-0-0-1-1||61600|
2|2||3-5-0-0-1-1||61700|
3|3||3-5-0-0-1-1||12320|
4|4||3-5-0-0-1-1||840|
5|5||3-5-0-0-1-1||24640|
6|6||3-5-0-0-1-1||315000|
7|7||3-5-0-0-1-1||282000|
8|8||3-5-0-0-1-1||35300|
9|9||3-5-0-0-1-1||186600|
10|10||3-5-0-0-1-1||13580|
11|11||3-5-0-0-1-1||12320|
12|12||3-5-0-0-1-1||411200|
13|13||3-5-0-0-1-1||24740|
14|14||3-5-0-0-1-1||12320|
15|15||3-5-0-0-1-1||30800|
16|16||3-5-0-0-1-1||18000|
17|17||3-5-0-0-1-1||12900|
18|18||3-5-0-0-1-1||13200|
19|19||3-5-0-0-1-1||12320|
20|20||3-5-0-0-1-1||373300|
21|21||3-5-0-0-1-1||91047|
22|22||3-5-0-0-1-1||12320|
23|23||3-5-0-0-1-1||15400|
24|24||3-5-0-0-1-1||14600|
25|25||3-5-0-0-1-1||480500|
26|26||3-5-0-0-1-1||12320|
27|27||3-5-0-0-1-1||4518400|
28|28||3-5-0-0-1-1||3080|
29|29||3-5-0-0-1-1||420|
30|30||3-5-0-0-1-1||1006300|
31|31||3-5-0-0-1-1||75180|
32|32||3-5-0-0-1-1||600000|
33|33||3-5-0-0-1-1||894100|
34|34||3-5-0-0-1-1||256100|
35|35||3-5-0-0-1-1||172480|
36|36||3-5-0-0-1-1||70300|
37|37||3-5-0-0-1-1||150000|
38|38||3-5-0-0-1-1||213310|
39|39||3-5-0-0-1-1||15100|
40|40||3-5-0-0-1-1||455000|
41|41||3-5-0-0-1-1||24640|
42|42||3-5-0-0-1-1||131600|
43|43||3-5-0-0-1-1||588500|
44|44||3-5-0-0-1-1||144140|
45|45||3-5-0-0-1-1||24640|
46|46||3-5-0-0-1-1||80000|
47|47||3-5-0-0-1-1||340000|
48|48||3-5-0-0-1-1||30200|
49|49||3-5-0-0-1-1||3700|
50|50||3-5-0-0-1-1||12320|
51|51||3-5-0-0-1-1||1219700|
52|52||3-5-0-0-1-1||12320|
53|53||3-5-0-0-1-1||125500|
54|54||3-5-0-0-1-1||12420|
55|55||3-5-0-0-1-1||3080|
56|56||3-5-0-0-1-1||332233|
57|57||3-5-0-0-1-1||25340|
58|58||3-5-0-0-1-1||36960|
59|59||3-5-0-0-1-1||12320|
60|60||3-5-0-0-1-1||12420|
61|61||3-5-0-0-1-1||12420|
62|62||3-5-0-0-1-1||12320|
63|63||3-5-0-0-1-1||12320|
64|64||3-5-0-0-1-1||24640|
65|65||3-5-0-0-1-1||98580|
66|66||3-5-0-0-1-1||12320|
67|67||3-5-0-0-1-1||12320|
68|68||3-5-0-0-1-1||18600|
69|69||3-5-0-0-1-1||12320|
70|70||3-5-0-0-1-1||88824|
71|71||3-5-0-0-1-1||12720|
72|72||3-5-0-0-1-1||12320|
73|73||3-5-0-0-1-1||12900|
74|74||3-5-0-0-1-1||12320|
75|75||3-5-0-0-1-1||12320|
76|76||3-5-0-0-1-1||12620|
77|77||3-5-0-0-1-1||12420|
78|78||3-5-0-0-1-1||12320|
79|79||3-5-0-0-1-1||12320|
80|80||3-5-0-0-1-1||12320|
81|81||3-5-0-0-1-1||59320|
82|82||3-5-0-0-1-1||36960|
83|83||3-5-0-0-1-1||24740|
84|84||3-5-0-0-1-1||8624|
85|85||3-5-0-0-1-1||197500|
86|86||3-5-0-0-1-1||12320|
87|87||3-5-0-0-1-1||49280|
88|88||3-5-0-0-1-1||13020|
89|89||3-5-0-0-1-1||13000|
90|90||3-5-0-0-1-1||12620|
91|91||3-5-0-0-1-1||13000|
92|92||3-5-0-0-1-1||24740|
93|93||3-5-0-0-1-1||12420|
94|94||3-5-0-0-1-1||3300|
95|95||3-5-0-0-1-1||24640|
96|96||3-5-0-0-1-1||76100|
97|97||3-5-0-0-1-1||12320|
98|98||3-5-0-0-1-1||12320|
99|99||3-5-0-0-1-1||28500|
100|100||3-5-0-0-1-1||24640|
101|101||3-5-0-0-1-1||12320|
102|102||3-5-0-0-1-1||53602|
103|103||3-5-0-0-1-1||24640|
104|104||3-5-0-0-1-1||36960|
105|105||3-5-0-0-1-1||12320|
106|106||3-5-0-0-1-1||280000|
107|107||3-5-0-0-1-1||292700|
108|108||3-5-0-0-1-1||613980|
109|109||3-5-0-0-1-1||2099840|
110|110||3-5-0-0-1-1||7590400|
111|111||3-5-0-0-1-1||115500|
112|112||3-5-0-0-1-1||132700|
113|113||3-5-0-0-1-1||135040|
114|114||3-5-0-0-1-1||152220|
115|115||3-5-0-0-1-1||46755300|
116|116||3-5-0-0-1-1||1102600|
117|117||3-5-0-0-1-1||125000|
118|118||3-5-0-0-1-1||133860|
119|119||3-5-0-0-1-1||22320|
120|120||3-5-0-0-1-1||86440|
121|121||3-5-0-0-1-1||11340|
122|122||3-5-0-0-1-1||130720|
123|123||3-5-0-0-1-1||76500|
124|124||3-5-0-0-1-1||12420|
125|125||3-5-0-0-1-1||50000|
126|126||3-5-0-0-1-1||140000|
127|127||3-5-0-0-1-1||19000|
128|128||3-5-0-0-1-1||12300|
129|129||3-5-0-0-1-1||103340|
130|130||3-5-0-0-1-1||15300|
131|131||3-5-0-0-1-1||150400|
132|132||3-5-0-0-1-1||40840|
133|133||3-5-0-0-1-1||110880|
134|134||3-5-0-0-1-1||13500|
135|135||3-5-0-0-1-1||12320|
136|136||3-5-0-0-1-1||25020|
137|137||3-5-0-0-1-1||251240|
138|138||3-5-0-0-1-1||24640|
139|139||3-5-0-0-1-1||12420|
140|140||3-5-0-0-1-1||173500|
141|141||3-5-0-0-1-1||219400|
142|142||3-5-0-0-1-1||13145|
143|143||3-5-0-0-1-1||111280|
144|144||3-5-0-0-1-1||11340|
145|145||3-5-0-0-1-1||25140|
146|146||3-5-0-0-1-1||3080|
147|147||3-5-0-0-1-1||12320|
148|148||3-5-0-0-1-1||24640|
149|149||3-5-0-0-1-1||36960|
150|150||3-5-0-0-1-1||14200|
151|151||3-5-0-0-1-1||14600|
152|152||3-5-0-0-1-1||13900|
153|153||3-5-0-0-1-1||1680|
154|154||3-5-0-0-1-1||12320|
155|155||3-5-0-0-1-1||47266|
156|156||3-5-0-0-1-1||49680|
157|157||3-5-0-0-1-1||14100|
158|158||3-5-0-0-1-1||157420|
159|159||3-5-0-0-1-1||140000|
160|160||3-5-0-0-1-1||692500|
161|161||3-5-0-0-1-1||74520|
162|162||3-5-0-0-1-1||57300|
163|163||3-5-0-0-1-1||12420|
164|164||3-5-0-0-1-1||24640|
165|165||3-5-0-0-1-1||30420|
166|166||3-5-0-0-1-1||12320|
167|167||3-5-0-0-1-1||12320|
168|168||3-5-0-0-1-1||12320|
169|169||3-5-0-0-1-1||24740|
170|170||3-5-0-0-1-1||24640|
171|171||3-5-0-0-1-1||11800|
172|172||3-5-0-0-1-1||12500|
173|173||3-5-0-0-1-1||39187|
174|174||3-5-0-0-1-1||98560|
175|175||3-5-0-0-1-1||12320|
176|176||3-5-0-0-1-1||5807100|
177|177||3-5-0-0-1-1||2067200|
178|178||3-5-0-0-1-1||916000|
179|179||3-5-0-0-1-1||274600|
180|180||3-5-0-0-1-1||292900|
181|181||3-5-0-0-1-1||1204900|
182|182||3-5-0-0-1-1||12320|
183|183||3-5-0-0-1-1||12420|
184|184||3-5-0-0-1-1||140600|
185|185||3-5-0-0-1-1||115500|
186|186||3-5-0-0-1-1||3268280|
187|187||3-5-0-0-1-1||943320|
188|188||3-5-0-0-1-1||12320|
189|189||3-5-0-0-1-1||134564|
190|190||3-5-0-0-1-1||24640|
191|191||3-5-0-0-1-1||262020|
192|192||3-5-0-0-1-1||12320|
193|193||3-5-0-0-1-1||12320|
194|194||3-5-0-0-1-1||17000|
195|195||3-5-0-0-1-1||98860|
196|196||3-5-0-0-1-1||12320|
197|197||3-5-0-0-1-1||12320|
198|198||3-5-0-0-1-1||16000|
199|199||3-5-0-0-1-1||11200|
200|200||3-5-0-0-1-1||24160|
