1|1||3-5-0-0-1-1||610600|
2|2||3-5-0-0-1-1||76320|
3|3||3-5-0-0-1-1||30200|
4|4||3-5-0-0-1-1||1401540|
5|5||3-5-0-0-1-1||13100|
6|6||3-5-0-0-1-1||74100|
7|7||3-5-0-0-1-1||58600|
8|8||3-5-0-0-1-1||54500|
9|9||3-5-0-0-1-1||56900|
10|10||3-5-0-0-1-1||55700|
11|11||3-5-0-0-1-1||75500|
12|12||3-5-0-0-1-1||53300|
13|13||3-5-0-0-1-1||52100|
14|14||3-5-0-0-1-1||53100|
15|15||3-5-0-0-1-1||50900|
16|16||3-5-0-0-1-1||49600|
17|17||3-5-0-0-1-1||50800|
18|18||3-5-0-0-1-1||49280|
19|19||3-5-0-0-1-1||158500|
20|20||3-5-0-0-1-1||3792700|
21|21||3-5-0-0-1-1||300000|
22|22||3-5-0-0-1-1||140800|
23|23||3-5-0-0-1-1||112120|
24|24||3-5-0-0-1-1||254300|
25|25||3-5-0-0-1-1||1150120|
26|26||3-5-0-0-1-1||12320|
27|27||3-5-0-0-1-1||12320|
28|28||3-5-0-0-1-1||44885920|
29|29||3-5-0-0-1-1||13000|
30|30||3-5-0-0-1-1||141100|
31|31||3-5-0-0-1-1||509340|
32|32||3-5-0-0-1-1||806500|
33|33||3-5-0-0-1-1||235700|
34|34||3-5-0-0-1-1||221800|
35|35||3-5-0-0-1-1||465400|
36|36||3-5-0-0-1-1||106000|
37|37||3-5-0-0-1-1||12320|
38|38||3-5-0-0-1-1||24740|
39|39||3-5-0-0-1-1||12320|
40|40||3-5-0-0-1-1||119100|
41|41||3-5-0-0-1-1||1082600|
42|42||3-5-0-0-1-1||16000|
43|43||3-5-0-0-1-1||27840|
44|44||3-5-0-0-1-1||971900|
45|45||3-5-0-0-1-1||470200|
46|46||3-5-0-0-1-1||12320|
47|47||3-5-0-0-1-1||425040|
48|48||3-5-0-0-1-1||24640|
49|49||3-5-0-0-1-1||24640|
50|50||3-5-0-0-1-1||11340|
51|51||3-5-0-0-1-1||760000|
52|52||3-5-0-0-1-1||16000|
53|53||3-5-0-0-1-1||152500|
54|54||3-5-0-0-1-1||9100|
55|55||3-5-0-0-1-1||12320|
56|56||3-5-0-0-1-1||12320|
57|57||3-5-0-0-1-1||12320|
58|58||3-5-0-0-1-1||12320|
59|59||3-5-0-0-1-1||4100|
60|60||3-5-0-0-1-1||12320|
61|61||3-5-0-0-1-1||365300|
62|62||3-5-0-0-1-1||12320|
63|63||3-5-0-0-1-1||12420|
64|64||3-5-0-0-1-1||473200|
65|65||3-5-0-0-1-1||134000|
66|66||3-5-0-0-1-1||12700|
67|67||3-5-0-0-1-1||12320|
68|68||3-5-0-0-1-1||12320|
69|69||3-5-0-0-1-1||72000|
70|70||3-5-0-0-1-1||24640|
71|71||3-5-0-0-1-1||25103|
72|72||3-5-0-0-1-1||12320|
73|73||3-5-0-0-1-1||12320|
74|74||3-5-0-0-1-1||12324|
75|75||3-5-0-0-1-1||12320|
76|76||3-5-0-0-1-1||12620|
77|77||3-5-0-0-1-1||308000|
78|78||3-5-0-0-1-1||320320|
79|79||3-5-0-0-1-1||24640|
80|80||3-5-0-0-1-1||12420|
81|81||3-5-0-0-1-1||3100|
82|82||3-5-0-0-1-1||25620|
83|83||3-5-0-0-1-1||15000|
84|84||3-5-0-0-1-1||30080|
85|85||3-5-0-0-1-1||12320|
86|86||3-5-0-0-1-1||12320|
87|87||3-5-0-0-1-1||13020|
88|88||3-5-0-0-1-1||12320|
89|89||3-5-0-0-1-1||12320|
90|90||3-5-0-0-1-1||12320|
91|91||3-5-0-0-1-1||12320|
92|92||3-5-0-0-1-1||12320|
93|93||3-5-0-0-1-1||12320|
94|94||3-5-0-0-1-1||90620|
95|95||3-5-0-0-1-1||39340|
96|96||3-5-0-0-1-1||221760|
97|97||3-5-0-0-1-1||198220|
98|98||3-5-0-0-1-1||127860|
99|99||3-5-0-0-1-1||12620|
100|100||3-5-0-0-1-1||24740|
101|101||3-5-0-0-1-1||12320|
102|102||3-5-0-0-1-1||24740|
103|103||3-5-0-0-1-1||24640|
104|104||3-5-0-0-1-1||12320|
105|105||3-5-0-0-1-1||6160|
106|106||3-5-0-0-1-1||1163100|
107|107||3-5-0-0-1-1||14115600|
108|108||3-5-0-0-1-1||308000|
109|109||3-5-0-0-1-1||24740|
110|110||3-5-0-0-1-1||12320|
111|111||3-5-0-0-1-1||12320|
112|112||3-5-0-0-1-1||12400|
113|113||3-5-0-0-1-1||9900|
114|114||3-5-0-0-1-1||12320|
115|115||3-5-0-0-1-1||9500|
116|116||3-5-0-0-1-1||242439|
117|117||3-5-0-0-1-1||922160|
118|118||3-5-0-0-1-1||112100|
119|119||3-5-0-0-1-1||122800|
120|120||3-5-0-0-1-1||12420|
121|121||3-5-0-0-1-1||1240|
122|122||3-5-0-0-1-1||51900|
123|123||3-5-0-0-1-1||1300|
124|124||3-5-0-0-1-1||777500|
125|125||3-5-0-0-1-1||130720|
126|126||3-5-0-0-1-1||14000|
127|127||3-5-0-0-1-1||1|
128|128||3-5-0-0-1-1||1|
129|129||3-5-0-0-1-1||203100|
130|130||3-5-0-0-1-1||24640|
131|131||3-5-0-0-1-1||252000|
132|132||3-5-0-0-1-1||18310200|
133|133||3-5-0-0-1-1||18800|
134|134||3-5-0-0-1-1||37200|
135|135||3-5-0-0-1-1||16000|
136|136||3-5-0-0-1-1||12320|
137|137||3-5-0-0-1-1||1004200|
138|138||3-5-0-0-1-1||447080|
139|139||3-5-0-0-1-1||807500|
140|140||3-5-0-0-1-1||12400|
141|141||3-5-0-0-1-1||346200|
142|142||3-5-0-0-1-1||11800|
143|143||3-5-0-0-1-1||17800|
144|144||3-5-0-0-1-1||36960|
145|145||3-5-0-0-1-1||12420|
146|146||3-5-0-0-1-1||49200|
147|147||3-5-0-0-1-1||12920|
148|148||3-5-0-0-1-1||12320|
149|149||3-5-0-0-1-1||12420|
150|150||3-5-0-0-1-1||12620|
151|151||3-5-0-0-1-1||17700|
152|152||3-5-0-0-1-1||99100|
153|153||3-5-0-0-1-1||37840|
154|154||3-5-0-0-1-1||12420|
155|155||3-5-0-0-1-1||61900|
156|156||3-5-0-0-1-1||2122500|
157|157||3-5-0-0-1-1||124800|
158|158||3-5-0-0-1-1||12320|
159|159||3-5-0-0-1-1||200200|
160|160||3-5-0-0-1-1||248000|
161|161||3-5-0-0-1-1||128200|
162|162||3-5-0-0-1-1||822|
163|163||3-5-0-0-1-1||344600|
164|164||3-5-0-0-1-1||12320|
165|165||3-5-0-0-1-1||74120|
166|166||3-5-0-0-1-1||12600|
167|167||3-5-0-0-1-1||400|
168|168||3-5-0-0-1-1||12300|
169|169||3-5-0-0-1-1||1275600|
170|170||3-5-0-0-1-1||12320|
171|171||3-5-0-0-1-1||14900|
172|172||3-5-0-0-1-1||57500|
173|173||3-5-0-0-1-1||282800|
174|174||3-5-0-0-1-1||334900|
175|175||3-5-0-0-1-1||1936500|
176|176||3-5-0-0-1-1||48700|
177|177||3-5-0-0-1-1||30000|
178|178||3-5-0-0-1-1||386000|
179|179||3-5-0-0-1-1||86600|
180|180||3-5-0-0-1-1||36960|
181|181||3-5-0-0-1-1||27400|
182|182||3-5-0-0-1-1||72320|
183|183||3-5-0-0-1-1||1312000|
184|184||3-5-0-0-1-1||86540|
185|185||3-5-0-0-1-1||12320|
186|186||3-5-0-0-1-1||1644|
187|187||3-5-0-0-1-1||26820|
188|188||3-5-0-0-1-1||24740|
189|189||3-5-0-0-1-1||37000|
190|190||3-5-0-0-1-1||12400|
191|191||3-5-0-0-1-1||308000|
192|192||3-5-0-0-1-1||1022000|
193|193||3-5-0-0-1-1||36900|
194|194||3-5-0-0-1-1||12320|
195|195||3-5-0-0-1-1||75320|
196|196||3-5-0-0-1-1||606200|
197|197||3-5-0-0-1-1||129300|
198|198||3-5-0-0-1-1||160000|
199|199||3-5-0-0-1-1||15402|
200|200||3-5-0-0-1-1||12520|
