1|1||3-5-0-0-1-1||12320|
2|2||3-5-0-0-1-1||24640|
3|3||3-5-0-0-1-1||12320|
4|4||3-5-0-0-1-1||12320|
5|5||3-5-0-0-1-1||16000|
6|6||3-5-0-0-1-1||49280|
7|7||3-5-0-0-1-1||12320|
8|8||3-5-0-0-1-1||24740|
9|9||3-5-0-0-1-1||1900|
10|10||3-5-0-0-1-1||1823|
11|11||3-5-0-0-1-1||42420|
12|12||3-5-0-0-1-1||15600|
13|13||3-5-0-0-1-1||12320|
14|14||3-5-0-0-1-1||2800000|
15|15||3-5-0-0-1-1||24100|
16|16||3-5-0-0-1-1||12420|
17|17||3-5-0-0-1-1||12420|
18|18||3-5-0-0-1-1||12720|
19|19||3-5-0-0-1-1||300000|
20|20||3-5-0-0-1-1||12320|
21|21||3-5-0-0-1-1||49900|
22|22||3-5-0-0-1-1||37800|
23|23||3-5-0-0-1-1||20300|
24|24||3-5-0-0-1-1||61700|
25|25||3-5-0-0-1-1||7900|
26|26||3-5-0-0-1-1||12620|
27|27||3-5-0-0-1-1||1483100|
28|28||3-5-0-0-1-1||13200|
29|29||3-5-0-0-1-1||639740|
30|30||3-5-0-0-1-1||19300|
31|31||3-5-0-0-1-1||63000|
32|32||3-5-0-0-1-1||114040|
33|33||3-5-0-0-1-1||50800|
34|34||3-5-0-0-1-1||12320|
35|35||3-5-0-0-1-1||679100|
36|36||3-5-0-0-1-1||872900|
37|37||3-5-0-0-1-1||253700|
38|38||3-5-0-0-1-1||349300|
39|39||3-5-0-0-1-1||6345600|
40|40||3-5-0-0-1-1||12320|
41|41||3-5-0-0-1-1||29035|
42|42||3-5-0-0-1-1||1828000|
43|43||3-5-0-0-1-1||1074480|
44|44||3-5-0-0-1-1||12320|
45|45||3-5-0-0-1-1||12420|
46|46||3-5-0-0-1-1||37160|
47|47||3-5-0-0-1-1||98300|
48|48||3-5-0-0-1-1||12420|
49|49||3-5-0-0-1-1||822|
50|50||3-5-0-0-1-1||12320|
51|51||3-5-0-0-1-1||12700|
52|52||3-5-0-0-1-1||146800|
53|53||3-5-0-0-1-1||12320|
54|54||3-5-0-0-1-1||12320|
55|55||3-5-0-0-1-1||24740|
56|56||3-5-0-0-1-1||12320|
57|57||3-5-0-0-1-1||38160|
58|58||3-5-0-0-1-1||12320|
59|59||3-5-0-0-1-1||24740|
60|60||3-5-0-0-1-1||24640|
61|61||3-5-0-0-1-1||12420|
62|62||3-5-0-0-1-1||24230|
63|63||3-5-0-0-1-1||12320|
64|64||3-5-0-0-1-1||12620|
65|65||3-5-0-0-1-1||12320|
66|66||3-5-0-0-1-1||25260|
67|67||3-5-0-0-1-1||26200|
68|68||3-5-0-0-1-1||12320|
69|69||3-5-0-0-1-1||3100|
70|70||3-5-0-0-1-1||3200|
71|71||3-5-0-0-1-1||12740|
72|72||3-5-0-0-1-1||24640|
73|73||3-5-0-0-1-1||86940|
74|74||3-5-0-0-1-1||63040|
75|75||3-5-0-0-1-1||16100|
76|76||3-5-0-0-1-1||26420|
77|77||3-5-0-0-1-1||12320|
78|78||3-5-0-0-1-1||135820|
79|79||3-5-0-0-1-1||12420|
80|80||3-5-0-0-1-1||12320|
81|81||3-5-0-0-1-1||24640|
82|82||3-5-0-0-1-1||12320|
83|83||3-5-0-0-1-1||12420|
84|84||3-5-0-0-1-1||12320|
85|85||3-5-0-0-1-1||3760|
86|86||3-5-0-0-1-1||12320|
87|87||3-5-0-0-1-1||12420|
88|88||3-5-0-0-1-1||12320|
89|89||3-5-0-0-1-1||49280|
90|90||3-5-0-0-1-1||12620|
91|91||3-5-0-0-1-1||250800|
92|92||3-5-0-0-1-1||627000|
93|93||3-5-0-0-1-1||14000|
94|94||3-5-0-0-1-1||12620|
95|95||3-5-0-0-1-1||12320|
96|96||3-5-0-0-1-1||49280|
97|97||3-5-0-0-1-1||320000|
98|98||3-5-0-0-1-1||17100|
99|99||3-5-0-0-1-1||12320|
100|100||3-5-0-0-1-1||583460|
101|101||3-5-0-0-1-1||215100|
102|102||3-5-0-0-1-1||12320|
103|103||3-5-0-0-1-1||104000|
104|104||3-5-0-0-1-1||166240|
105|105||3-5-0-0-1-1||12320|
106|106||3-5-0-0-1-1||14200|
107|107||3-5-0-0-1-1||12620|
108|108||3-5-0-0-1-1||12320|
109|109||3-5-0-0-1-1||47600|
110|110||3-5-0-0-1-1||528000|
111|111||3-5-0-0-1-1||165500|
112|112||3-5-0-0-1-1||148020|
113|113||3-5-0-0-1-1||171800|
114|114||3-5-0-0-1-1||169800|
115|115||3-5-0-0-1-1||167800|
116|116||3-5-0-0-1-1||174000|
117|117||3-5-0-0-1-1||16000|
118|118||3-5-0-0-1-1||2900|
119|119||3-5-0-0-1-1||63020|
120|120||3-5-0-0-1-1||305000|
121|121||3-5-0-0-1-1||308000|
122|122||3-5-0-0-1-1||668000|
123|123||3-5-0-0-1-1||12320|
124|124||3-5-0-0-1-1||556100|
125|125||3-5-0-0-1-1||243700|
126|126||3-5-0-0-1-1||230700|
127|127||3-5-0-0-1-1||419300|
128|128||3-5-0-0-1-1||12320|
129|129||3-5-0-0-1-1||3300|
130|130||3-5-0-0-1-1||5000|
131|131||3-5-0-0-1-1||12300|
132|132||3-5-0-0-1-1||12100|
133|133||3-5-0-0-1-1||11800|
134|134||3-5-0-0-1-1||12320|
135|135||3-5-0-0-1-1||61500|
136|136||3-5-0-0-1-1||360000|
137|137||3-5-0-0-1-1||119300|
138|138||3-5-0-0-1-1||162470|
139|139||3-5-0-0-1-1||129000|
140|140||3-5-0-0-1-1||155100|
141|141||3-5-0-0-1-1||25060|
142|142||3-5-0-0-1-1||12320|
143|143||3-5-0-0-1-1||12320|
144|144||3-5-0-0-1-1||24600|
145|145||3-5-0-0-1-1||15500|
146|146||3-5-0-0-1-1||12300|
147|147||3-5-0-0-1-1||12320|
148|148||3-5-0-0-1-1||32320|
149|149||3-5-0-0-1-1||12320|
150|150||3-5-0-0-1-1||153840|
151|151||3-5-0-0-1-1||12300|
152|152||3-5-0-0-1-1||12320|
153|153||3-5-0-0-1-1||36960|
154|154||3-5-0-0-1-1||500468|
155|155||3-5-0-0-1-1||61800|
156|156||3-5-0-0-1-1||24740|
157|157||3-5-0-0-1-1||28000|
158|158||3-5-0-0-1-1||12320|
159|159||3-5-0-0-1-1||20000|
160|160||3-5-0-0-1-1||12320|
161|161||3-5-0-0-1-1||32520|
162|162||3-5-0-0-1-1||24640|
163|163||3-5-0-0-1-1||34620|
164|164||3-5-0-0-1-1||104960|
165|165||3-5-0-0-1-1||36960|
166|166||3-5-0-0-1-1||36960|
167|167||3-5-0-0-1-1||74320|
168|168||3-5-0-0-1-1||393780|
169|169||3-5-0-0-1-1||12320|
170|170||3-5-0-0-1-1||24640|
171|171||3-5-0-0-1-1||31000|
172|172||3-5-0-0-1-1||12320|
173|173||3-5-0-0-1-1||12271|
174|174||3-5-0-0-1-1||49280|
175|175||3-5-0-0-1-1||13000|
176|176||3-5-0-0-1-1||133505|
177|177||3-5-0-0-1-1||184800|
178|178||3-5-0-0-1-1||209440|
179|179||3-5-0-0-1-1||98980|
180|180||3-5-0-0-1-1||49200|
181|181||3-5-0-0-1-1||12300|
182|182||3-5-0-0-1-1||200000|
183|183||3-5-0-0-1-1||24640|
184|184||3-5-0-0-1-1||12320|
185|185||3-5-0-0-1-1||11610|
186|186||3-5-0-0-1-1||12320|
187|187||3-5-0-0-1-1||12320|
188|188||3-5-0-0-1-1||12520|
189|189||3-5-0-0-1-1||15000|
190|190||3-5-0-0-1-1||12400|
191|191||3-5-0-0-1-1||60950|
192|192||3-5-0-0-1-1||70640|
193|193||3-5-0-0-1-1||105400|
194|194||3-5-0-0-1-1||25200|
195|195||3-5-0-0-1-1||101620|
196|196||3-5-0-0-1-1||618620|
197|197||3-5-0-0-1-1||18200|
198|198||3-5-0-0-1-1||73800|
199|199||3-5-0-0-1-1||108500|
200|200||3-5-0-0-1-1||285640|
