1|1||3-5-0-0-1-1||73800|
2|2||3-5-0-0-1-1||95000|
3|3||3-5-0-0-1-1||6700|
4|4||3-5-0-0-1-1||36960|
5|5||3-5-0-0-1-1||16100|
6|6||3-5-0-0-1-1||1240|
7|7||3-5-0-0-1-1||630000|
8|8||3-5-0-0-1-1||414800|
9|9||3-5-0-0-1-1||140000|
10|10||3-5-0-0-1-1||21153|
11|11||3-5-0-0-1-1||32520|
12|12||3-5-0-0-1-1||58725|
13|13||3-5-0-0-1-1||29400|
14|14||3-5-0-0-1-1||12420|
15|15||3-5-0-0-1-1||5323400|
16|16||3-5-0-0-1-1||12420|
17|17||3-5-0-0-1-1||5120700|
18|18||3-5-0-0-1-1||24640|
19|19||3-5-0-0-1-1||12320|
20|20||3-5-0-0-1-1||12320|
21|21||3-5-0-0-1-1||85160|
22|22||3-5-0-0-1-1||24740|
23|23||3-5-0-0-1-1||12320|
24|24||3-5-0-0-1-1||5000|
25|25||3-5-0-0-1-1||1089300|
26|26||3-5-0-0-1-1||12320|
27|27||3-5-0-0-1-1||174300|
28|28||3-5-0-0-1-1||12500|
29|29||3-5-0-0-1-1||37060|
30|30||3-5-0-0-1-1||25800|
31|31||3-5-0-0-1-1||12320|
32|32||3-5-0-0-1-1||24720|
33|33||3-5-0-0-1-1||14000|
34|34||3-5-0-0-1-1||8624|
35|35||3-5-0-0-1-1||43240|
36|36||3-5-0-0-1-1||12320|
37|37||3-5-0-0-1-1||6200|
38|38||3-5-0-0-1-1||24640|
39|39||3-5-0-0-1-1||94400|
40|40||3-5-0-0-1-1||59000|
41|41||3-5-0-0-1-1||46220|
42|42||3-5-0-0-1-1||12320|
43|43||3-5-0-0-1-1||24640|
44|44||3-5-0-0-1-1||78900|
45|45||3-5-0-0-1-1||221760|
46|46||3-5-0-0-1-1||12320|
47|47||3-5-0-0-1-1||36960|
48|48||3-5-0-0-1-1||55200|
49|49||3-5-0-0-1-1||62720|
50|50||3-5-0-0-1-1||12320|
51|51||3-5-0-0-1-1||55000|
52|52||3-5-0-0-1-1||56000|
53|53||3-5-0-0-1-1||118840|
54|54||3-5-0-0-1-1||42000|
55|55||3-5-0-0-1-1||12420|
56|56||3-5-0-0-1-1||37160|
57|57||3-5-0-0-1-1||12320|
58|58||3-5-0-0-1-1||12320|
59|59||3-5-0-0-1-1||6200|
60|60||3-5-0-0-1-1||37160|
61|61||3-5-0-0-1-1||1000|
62|62||3-5-0-0-1-1||12420|
63|63||3-5-0-0-1-1||441700|
64|64||3-5-0-0-1-1||564800|
65|65||3-5-0-0-1-1||12320|
66|66||3-5-0-0-1-1||24640|
67|67||3-5-0-0-1-1||12400|
68|68||3-5-0-0-1-1||12620|
69|69||3-5-0-0-1-1||12320|
70|70||3-5-0-0-1-1||12420|
71|71||3-5-0-0-1-1||84480|
72|72||3-5-0-0-1-1||22100|
73|73||3-5-0-0-1-1||24640|
74|74||3-5-0-0-1-1||12320|
75|75||3-5-0-0-1-1||36960|
76|76||3-5-0-0-1-1||4107|
77|77||3-5-0-0-1-1||7132|
78|78||3-5-0-0-1-1||7500|
79|79||3-5-0-0-1-1||12320|
80|80||3-5-0-0-1-1||24640|
81|81||3-5-0-0-1-1||12320|
82|82||3-5-0-0-1-1||12320|
83|83||3-5-0-0-1-1||174820|
84|84||3-5-0-0-1-1||36960|
85|85||3-5-0-0-1-1||18900|
86|86||3-5-0-0-1-1||62600|
87|87||3-5-0-0-1-1||12320|
88|88||3-5-0-0-1-1||32000|
89|89||3-5-0-0-1-1||24740|
90|90||3-5-0-0-1-1||34300|
91|91||3-5-0-0-1-1||24640|
92|92||3-5-0-0-1-1||12320|
93|93||3-5-0-0-1-1||61600|
94|94||3-5-0-0-1-1||34120|
95|95||3-5-0-0-1-1||12840|
96|96||3-5-0-0-1-1||12320|
97|97||3-5-0-0-1-1||3100|
98|98||3-5-0-0-1-1||37260|
99|99||3-5-0-0-1-1||198400|
100|100||3-5-0-0-1-1||12320|
101|101||3-5-0-0-1-1||12320|
102|102||3-5-0-0-1-1||12320|
103|103||3-5-0-0-1-1||38640|
104|104||3-5-0-0-1-1||74760|
105|105||3-5-0-0-1-1||2100|
106|106||3-5-0-0-1-1||12320|
107|107||3-5-0-0-1-1||12620|
108|108||3-5-0-0-1-1||36960|
109|109||3-5-0-0-1-1||24640|
110|110||3-5-0-0-1-1||2100|
111|111||3-5-0-0-1-1||13000|
112|112||3-5-0-0-1-1||12320|
113|113||3-5-0-0-1-1||14600|
114|114||3-5-0-0-1-1||24840|
115|115||3-5-0-0-1-1||12320|
116|116||3-5-0-0-1-1||36960|
117|117||3-5-0-0-1-1||12320|
118|118||3-5-0-0-1-1||12320|
119|119||3-5-0-0-1-1||12320|
120|120||3-5-0-0-1-1||13500|
121|121||3-5-0-0-1-1||42320|
122|122||3-5-0-0-1-1||12720|
123|123||3-5-0-0-1-1||18160|
124|124||3-5-0-0-1-1||12720|
125|125||3-5-0-0-1-1||12420|
126|126||3-5-0-0-1-1||12320|
127|127||3-5-0-0-1-1||24840|
128|128||3-5-0-0-1-1||24640|
129|129||3-5-0-0-1-1||12320|
130|130||3-5-0-0-1-1||32320|
131|131||3-5-0-0-1-1||12320|
132|132||3-5-0-0-1-1||133700|
133|133||3-5-0-0-1-1||46760|
134|134||3-5-0-0-1-1||12320|
135|135||3-5-0-0-1-1||28540|
136|136||3-5-0-0-1-1||4164000|
137|137||3-5-0-0-1-1||12320|
138|138||3-5-0-0-1-1||12720|
139|139||3-5-0-0-1-1||12420|
140|140||3-5-0-0-1-1||12300|
141|141||3-5-0-0-1-1||49280|
142|142||3-5-0-0-1-1||16411100|
143|143||3-5-0-0-1-1||12320|
144|144||3-5-0-0-1-1||12320|
145|145||3-5-0-0-1-1||12320|
146|146||3-5-0-0-1-1||36960|
147|147||3-5-0-0-1-1||12300|
148|148||3-5-0-0-1-1||12320|
149|149||3-5-0-0-1-1||12320|
150|150||3-5-0-0-1-1||12320|
151|151||3-5-0-0-1-1||12320|
152|152||3-5-0-0-1-1||24640|
153|153||3-5-0-0-1-1||24660|
154|154||3-5-0-0-1-1||12320|
155|155||3-5-0-0-1-1||12600|
156|156||3-5-0-0-1-1||12320|
157|157||3-5-0-0-1-1||16100|
158|158||3-5-0-0-1-1||11340|
159|159||3-5-0-0-1-1||12320|
160|160||3-5-0-0-1-1||1539100|
161|161||3-5-0-0-1-1||59040|
162|162||3-5-0-0-1-1||210700|
163|163||3-5-0-0-1-1||12320|
164|164||3-5-0-0-1-1||3720|
165|165||3-5-0-0-1-1||12320|
166|166||3-5-0-0-1-1||46600|
167|167||3-5-0-0-1-1||3468500|
168|168||3-5-0-0-1-1||12320|
169|169||3-5-0-0-1-1||420|
170|170||3-5-0-0-1-1||61600|
171|171||3-5-0-0-1-1||11340|
172|172||3-5-0-0-1-1||43400|
173|173||3-5-0-0-1-1||11340|
174|174||3-5-0-0-1-1||12320|
175|175||3-5-0-0-1-1||6600|
176|176||3-5-0-0-1-1||72600|
177|177||3-5-0-0-1-1||213100|
178|178||3-5-0-0-1-1||24600|
179|179||3-5-0-0-1-1||288000|
180|180||3-5-0-0-1-1||135520|
181|181||3-5-0-0-1-1||4819100|
182|182||3-5-0-0-1-1||6500|
183|183||3-5-0-0-1-1||12320|
184|184||3-5-0-0-1-1||12320|
185|185||3-5-0-0-1-1||620400|
186|186||3-5-0-0-1-1||12420|
187|187||3-5-0-0-1-1||12320|
188|188||3-5-0-0-1-1||12320|
189|189||3-5-0-0-1-1||11200|
190|190||3-5-0-0-1-1||24640|
191|191||3-5-0-0-1-1||12320|
192|192||3-5-0-0-1-1||12320|
193|193||3-5-0-0-1-1||49380|
194|194||3-5-0-0-1-1||24640|
195|195||3-5-0-0-1-1||6200|
196|196||3-5-0-0-1-1||36960|
197|197||3-5-0-0-1-1||83786|
198|198||3-5-0-0-1-1||12320|
199|199||3-5-0-0-1-1||49400|
200|200||3-5-0-0-1-1||42380|
