1|1||3-5-0-0-1-1||40000|
2|2||3-5-0-0-1-1||12560|
3|3||3-5-0-0-1-1||130000|
4|4||3-5-0-0-1-1||140000|
5|5||3-5-0-0-1-1||290000|
6|6||3-5-0-0-1-1||564400|
7|7||3-5-0-0-1-1||123200|
8|8||3-5-0-0-1-1||15600|
9|9||3-5-0-0-1-1||308000|
10|10||3-5-0-0-1-1||36960|
11|11||3-5-0-0-1-1||12320|
12|12||3-5-0-0-1-1||153600|
13|13||3-5-0-0-1-1||12620|
14|14||3-5-0-0-1-1||12320|
15|15||3-5-0-0-1-1||18920|
16|16||3-5-0-0-1-1||79280|
17|17||3-5-0-0-1-1||8407500|
18|18||3-5-0-0-1-1||10720|
19|19||3-5-0-0-1-1||321000|
20|20||3-5-0-0-1-1||829400|
21|21||3-5-0-0-1-1||16000|
22|22||3-5-0-0-1-1||1039000|
23|23||3-5-0-0-1-1||157100|
24|24||3-5-0-0-1-1||12420|
25|25||3-5-0-0-1-1||12320|
26|26||3-5-0-0-1-1||12320|
27|27||3-5-0-0-1-1||2102600|
28|28||3-5-0-0-1-1||12300|
29|29||3-5-0-0-1-1||154000|
30|30||3-5-0-0-1-1||16000|
31|31||3-5-0-0-1-1||12320|
32|32||3-5-0-0-1-1||1676600|
33|33||3-5-0-0-1-1||652400|
34|34||3-5-0-0-1-1||118000|
35|35||3-5-0-0-1-1||36960|
36|36||3-5-0-0-1-1||12420|
37|37||3-5-0-0-1-1||12420|
38|38||3-5-0-0-1-1||24640|
39|39||3-5-0-0-1-1||56700|
40|40||3-5-0-0-1-1||12320|
41|41||3-5-0-0-1-1||164300|
42|42||3-5-0-0-1-1||131900|
43|43||3-5-0-0-1-1||662000|
44|44||3-5-0-0-1-1||280000|
45|45||3-5-0-0-1-1||700|
46|46||3-5-0-0-1-1||500|
47|47||3-5-0-0-1-1||500|
48|48||3-5-0-0-1-1||500|
49|49||3-5-0-0-1-1||509960|
50|50||3-5-0-0-1-1||4900|
51|51||3-5-0-0-1-1||12320|
52|52||3-5-0-0-1-1||147000|
53|53||3-5-0-0-1-1||163400|
54|54||3-5-0-0-1-1||37060|
55|55||3-5-0-0-1-1||3280|
56|56||3-5-0-0-1-1||24600|
57|57||3-5-0-0-1-1||5502000|
58|58||3-5-0-0-1-1||31400|
59|59||3-5-0-0-1-1||112100|
60|60||3-5-0-0-1-1||12300|
61|61||3-5-0-0-1-1||24740|
62|62||3-5-0-0-1-1||3155800|
63|63||3-5-0-0-1-1||548200|
64|64||3-5-0-0-1-1||420|
65|65||3-5-0-0-1-1||2100|
66|66||3-5-0-0-1-1||256000|
67|67||3-5-0-0-1-1||301700|
68|68||3-5-0-0-1-1||1099900|
69|69||3-5-0-0-1-1||12420|
70|70||3-5-0-0-1-1||42100|
71|71||3-5-0-0-1-1||310620|
72|72||3-5-0-0-1-1||12320|
73|73||3-5-0-0-1-1||12300|
74|74||3-5-0-0-1-1||243700|
75|75||3-5-0-0-1-1||44000|
76|76||3-5-0-0-1-1||49000|
77|77||3-5-0-0-1-1||12320|
78|78||3-5-0-0-1-1||69520|
79|79||3-5-0-0-1-1||54020|
80|80||3-5-0-0-1-1||27120|
81|81||3-5-0-0-1-1||32400|
82|82||3-5-0-0-1-1||13822|
83|83||3-5-0-0-1-1||15920|
84|84||3-5-0-0-1-1||16100|
85|85||3-5-0-0-1-1||45300|
86|86||3-5-0-0-1-1||111340|
87|87||3-5-0-0-1-1||12300|
88|88||3-5-0-0-1-1||13020|
89|89||3-5-0-0-1-1||70320|
90|90||3-5-0-0-1-1||52120|
91|91||3-5-0-0-1-1||12320|
92|92||3-5-0-0-1-1||53400|
93|93||3-5-0-0-1-1||75820|
94|94||3-5-0-0-1-1||12420|
95|95||3-5-0-0-1-1||12320|
96|96||3-5-0-0-1-1||236600|
97|97||3-5-0-0-1-1||56100|
98|98||3-5-0-0-1-1||12420|
99|99||3-5-0-0-1-1||24640|
100|100||3-5-0-0-1-1||12320|
101|101||3-5-0-0-1-1||12320|
102|102||3-5-0-0-1-1||69500|
103|103||3-5-0-0-1-1||47320|
104|104||3-5-0-0-1-1||4147640|
105|105||3-5-0-0-1-1||14100|
106|106||3-5-0-0-1-1||12420|
107|107||3-5-0-0-1-1||12300|
108|108||3-5-0-0-1-1||132000|
109|109||3-5-0-0-1-1||12320|
110|110||3-5-0-0-1-1||12320|
111|111||3-5-0-0-1-1||121900|
112|112||3-5-0-0-1-1||1936700|
113|113||3-5-0-0-1-1||152680|
114|114||3-5-0-0-1-1||355200|
115|115||3-5-0-0-1-1||9600800|
116|116||3-5-0-0-1-1||204900|
117|117||3-5-0-0-1-1||418900|
118|118||3-5-0-0-1-1||270000|
119|119||3-5-0-0-1-1||140300|
120|120||3-5-0-0-1-1||12300|
121|121||3-5-0-0-1-1||140000|
122|122||3-5-0-0-1-1||36960|
123|123||3-5-0-0-1-1||29700|
124|124||3-5-0-0-1-1||86240|
125|125||3-5-0-0-1-1||12320|
126|126||3-5-0-0-1-1||88260|
127|127||3-5-0-0-1-1||200420|
128|128||3-5-0-0-1-1||521800|
129|129||3-5-0-0-1-1||116700|
130|130||3-5-0-0-1-1||613900|
131|131||3-5-0-0-1-1||851900|
132|132||3-5-0-0-1-1||895600|
133|133||3-5-0-0-1-1||2027400|
134|134||3-5-0-0-1-1||1515400|
135|135||3-5-0-0-1-1||24740|
136|136||3-5-0-0-1-1||14200|
137|137||3-5-0-0-1-1||12620|
138|138||3-5-0-0-1-1||61800|
139|139||3-5-0-0-1-1||37940|
140|140||3-5-0-0-1-1||12320|
141|141||3-5-0-0-1-1||12320|
142|142||3-5-0-0-1-1||12320|
143|143||3-5-0-0-1-1||12320|
144|144||3-5-0-0-1-1||12420|
145|145||3-5-0-0-1-1||12420|
146|146||3-5-0-0-1-1||24640|
147|147||3-5-0-0-1-1||12320|
148|148||3-5-0-0-1-1||28847|
149|149||3-5-0-0-1-1||12420|
150|150||3-5-0-0-1-1||36960|
151|151||3-5-0-0-1-1||88800|
152|152||3-5-0-0-1-1||15700|
153|153||3-5-0-0-1-1||12620|
154|154||3-5-0-0-1-1||12920|
155|155||3-5-0-0-1-1||12320|
156|156||3-5-0-0-1-1||20000|
157|157||3-5-0-0-1-1||21340|
158|158||3-5-0-0-1-1||3285|
159|159||3-5-0-0-1-1||12320|
160|160||3-5-0-0-1-1||6260|
161|161||3-5-0-0-1-1||12320|
162|162||3-5-0-0-1-1||16000|
163|163||3-5-0-0-1-1||251400|
164|164||3-5-0-0-1-1||12320|
165|165||3-5-0-0-1-1||141520|
166|166||3-5-0-0-1-1||120240|
167|167||3-5-0-0-1-1||48000|
168|168||3-5-0-0-1-1||1260|
169|169||3-5-0-0-1-1||3080|
170|170||3-5-0-0-1-1||6200|
171|171||3-5-0-0-1-1||12320|
172|172||3-5-0-0-1-1||6160|
173|173||3-5-0-0-1-1||12320|
174|174||3-5-0-0-1-1||36960|
175|175||3-5-0-0-1-1||37060|
176|176||3-5-0-0-1-1||44800|
177|177||3-5-0-0-1-1||12420|
178|178||3-5-0-0-1-1||8203|
179|179||3-5-0-0-1-1||12320|
180|180||3-5-0-0-1-1||25440|
181|181||3-5-0-0-1-1||37060|
182|182||3-5-0-0-1-1||12320|
183|183||3-5-0-0-1-1||13320|
184|184||3-5-0-0-1-1||55620|
185|185||3-5-0-0-1-1||12320|
186|186||3-5-0-0-1-1||2900|
187|187||3-5-0-0-1-1||24740|
188|188||3-5-0-0-1-1||12320|
189|189||3-5-0-0-1-1||6200|
190|190||3-5-0-0-1-1||73920|
191|191||3-5-0-0-1-1||5200|
192|192||3-5-0-0-1-1||24720|
193|193||3-5-0-0-1-1||595898|
194|194||3-5-0-0-1-1||12420|
195|195||3-5-0-0-1-1||185760|
196|196||3-5-0-0-1-1||10200|
197|197||3-5-0-0-1-1||140500|
198|198||3-5-0-0-1-1||604000|
199|199||3-5-0-0-1-1||12320|
200|200||3-5-0-0-1-1||51860|
