1|1||3-5-0-0-1-1||16800|
2|2||3-5-0-0-1-1||12400|
3|3||3-5-0-0-1-1||49200|
4|4||3-5-0-0-1-1||24600|
5|5||3-5-0-0-1-1||12700|
6|6||3-5-0-0-1-1||740|
7|7||3-5-0-0-1-1||15700|
8|8||3-5-0-0-1-1||210020|
9|9||3-5-0-0-1-1||12300|
10|10||3-5-0-0-1-1||26400|
11|11||3-5-0-0-1-1||38700|
12|12||3-5-0-0-1-1||24800|
13|13||3-5-0-0-1-1||12300|
14|14||3-5-0-0-1-1||24600|
15|15||3-5-0-0-1-1||12300|
16|16||3-5-0-0-1-1||59920|
17|17||3-5-0-0-1-1||292000|
18|18||3-5-0-0-1-1||19300|
19|19||3-5-0-0-1-1||12600|
20|20||3-5-0-0-1-1||12300|
21|21||3-5-0-0-1-1||12300|
22|22||3-5-0-0-1-1||12300|
23|23||3-5-0-0-1-1||12400|
24|24||3-5-0-0-1-1||12300|
25|25||3-5-0-0-1-1||20635|
26|26||3-5-0-0-1-1||12300|
27|27||3-5-0-0-1-1||12300|
28|28||3-5-0-0-1-1||3167000|
29|29||3-5-0-0-1-1||12300|
30|30||3-5-0-0-1-1||12600|
31|31||3-5-0-0-1-1||18900|
32|32||3-5-0-0-1-1||3100|
33|33||3-5-0-0-1-1||241340|
34|34||3-5-0-0-1-1||110880|
35|35||3-5-0-0-1-1||12420|
36|36||3-5-0-0-1-1||36960|
37|37||3-5-0-0-1-1||918722|
38|38||3-5-0-0-1-1||12320|
39|39||3-5-0-0-1-1||44720|
40|40||3-5-0-0-1-1||32100|
41|41||3-5-0-0-1-1||10200|
42|42||3-5-0-0-1-1||10000|
43|43||3-5-0-0-1-1||285000|
44|44||3-5-0-0-1-1||38640|
45|45||3-5-0-0-1-1||6200|
46|46||3-5-0-0-1-1||12420|
47|47||3-5-0-0-1-1||12420|
48|48||3-5-0-0-1-1||12320|
49|49||3-5-0-0-1-1||6500|
50|50||3-5-0-0-1-1||6600|
51|51||3-5-0-0-1-1||131820|
52|52||3-5-0-0-1-1||6800|
53|53||3-5-0-0-1-1||37260|
54|54||3-5-0-0-1-1||79580|
55|55||3-5-0-0-1-1||12320|
56|56||3-5-0-0-1-1||480000|
57|57||3-5-0-0-1-1||130900|
58|58||3-5-0-0-1-1||9446|
59|59||3-5-0-0-1-1||231728|
60|60||3-5-0-0-1-1||2584600|
61|61||3-5-0-0-1-1||266470|
62|62||3-5-0-0-1-1||22497169|
63|63||3-5-0-0-1-1||176000|
64|64||3-5-0-0-1-1||114800|
65|65||3-5-0-0-1-1||1646600|
66|66||3-5-0-0-1-1||3653300|
67|67||3-5-0-0-1-1||66400|
68|68||3-5-0-0-1-1||31700|
69|69||3-5-0-0-1-1||93040|
70|70||3-5-0-0-1-1||230864|
71|71||3-5-0-0-1-1||282460|
72|72||3-5-0-0-1-1||11364400|
73|73||3-5-0-0-1-1||224500|
74|74||3-5-0-0-1-1||21400|
75|75||3-5-0-0-1-1||21000|
76|76||3-5-0-0-1-1||9900|
77|77||3-5-0-0-1-1||6947|
78|78||3-5-0-0-1-1||213000|
79|79||3-5-0-0-1-1||67160|
80|80||3-5-0-0-1-1||140000|
81|81||3-5-0-0-1-1||135900|
82|82||3-5-0-0-1-1||94100|
83|83||3-5-0-0-1-1||642100|
84|84||3-5-0-0-1-1||2415400|
85|85||3-5-0-0-1-1||12300|
86|86||3-5-0-0-1-1||12720|
87|87||3-5-0-0-1-1||76180|
88|88||3-5-0-0-1-1||12720|
89|89||3-5-0-0-1-1||12320|
90|90||3-5-0-0-1-1||12320|
91|91||3-5-0-0-1-1||12320|
92|92||3-5-0-0-1-1||123700|
93|93||3-5-0-0-1-1||126600|
94|94||3-5-0-0-1-1||122800|
95|95||3-5-0-0-1-1||39060|
96|96||3-5-0-0-1-1||135240|
97|97||3-5-0-0-1-1||373900|
98|98||3-5-0-0-1-1||1178940|
99|99||3-5-0-0-1-1||2100|
100|100||3-5-0-0-1-1||128700|
101|101||3-5-0-0-1-1||19195600|
102|102||3-5-0-0-1-1||682220|
103|103||3-5-0-0-1-1||1527457|
104|104||3-5-0-0-1-1||693481|
105|105||3-5-0-0-1-1||2770207|
106|106||3-5-0-0-1-1||20000|
107|107||3-5-0-0-1-1||19500|
108|108||3-5-0-0-1-1||511500|
109|109||3-5-0-0-1-1||1472032|
110|110||3-5-0-0-1-1||1992180|
111|111||3-5-0-0-1-1||29200|
112|112||3-5-0-0-1-1||3010819|
113|113||3-5-0-0-1-1||887183|
114|114||3-5-0-0-1-1||884416|
115|115||3-5-0-0-1-1||4858240|
116|116||3-5-0-0-1-1||712904|
117|117||3-5-0-0-1-1||86240|
118|118||3-5-0-0-1-1||178968|
119|119||3-5-0-0-1-1||69515000|
120|120||3-5-0-0-1-1||103525|
121|121||3-5-0-0-1-1||12320|
122|122||3-5-0-0-1-1||24600|
123|123||3-5-0-0-1-1||12300|
124|124||3-5-0-0-1-1||12600|
125|125||3-5-0-0-1-1||24600|
126|126||3-5-0-0-1-1||58500|
127|127||3-5-0-0-1-1||12300|
128|128||3-5-0-0-1-1||700|
129|129||3-5-0-0-1-1||12300|
130|130||3-5-0-0-1-1||12400|
131|131||3-5-0-0-1-1||12400|
132|132||3-5-0-0-1-1||12300|
133|133||3-5-0-0-1-1||12300|
134|134||3-5-0-0-1-1||12300|
135|135||3-5-0-0-1-1||12300|
136|136||3-5-0-0-1-1||610700|
137|137||3-5-0-0-1-1||24600|
138|138||3-5-0-0-1-1||12300|
139|139||3-5-0-0-1-1||20000|
140|140||3-5-0-0-1-1||800|
141|141||3-5-0-0-1-1||12300|
142|142||3-5-0-0-1-1||17000|
143|143||3-5-0-0-1-1||49200|
144|144||3-5-0-0-1-1||24600|
145|145||3-5-0-0-1-1||15600|
146|146||3-5-0-0-1-1||12400|
147|147||3-5-0-0-1-1||12300|
148|148||3-5-0-0-1-1||12300|
149|149||3-5-0-0-1-1||1428840|
150|150||3-5-0-0-1-1||24600|
151|151||3-5-0-0-1-1||63200|
152|152||3-5-0-0-1-1||12300|
153|153||3-5-0-0-1-1||24600|
154|154||3-5-0-0-1-1||370450|
155|155||3-5-0-0-1-1||61500|
156|156||3-5-0-0-1-1||12300|
157|157||3-5-0-0-1-1||66100|
158|158||3-5-0-0-1-1||18500|
159|159||3-5-0-0-1-1||24600|
160|160||3-5-0-0-1-1||36900|
161|161||3-5-0-0-1-1||24700|
162|162||3-5-0-0-1-1||12600|
163|163||3-5-0-0-1-1||150805|
164|164||3-5-0-0-1-1||12300|
165|165||3-5-0-0-1-1||12320|
166|166||3-5-0-0-1-1||15600|
167|167||3-5-0-0-1-1||12300|
168|168||3-5-0-0-1-1||12400|
169|169||3-5-0-0-1-1||12700|
170|170||3-5-0-0-1-1||12700|
171|171||3-5-0-0-1-1||12320|
172|172||3-5-0-0-1-1||12300|
173|173||3-5-0-0-1-1||14100|
174|174||3-5-0-0-1-1||24640|
175|175||3-5-0-0-1-1||17000|
176|176||3-5-0-0-1-1||12420|
177|177||3-5-0-0-1-1||9240|
178|178||3-5-0-0-1-1||181600|
179|179||3-5-0-0-1-1||12620|
180|180||3-5-0-0-1-1||14420|
181|181||3-5-0-0-1-1||2920|
182|182||3-5-0-0-1-1||54960|
183|183||3-5-0-0-1-1||17200|
184|184||3-5-0-0-1-1||24740|
185|185||3-5-0-0-1-1||12320|
186|186||3-5-0-0-1-1||36960|
187|187||3-5-0-0-1-1||45040|
188|188||3-5-0-0-1-1||24640|
189|189||3-5-0-0-1-1||24740|
190|190||3-5-0-0-1-1||98860|
191|191||3-5-0-0-1-1||42050|
192|192||3-5-0-0-1-1||267303|
193|193||3-5-0-0-1-1||525580|
194|194||3-5-0-0-1-1||400540|
195|195||3-5-0-0-1-1||18200|
196|196||3-5-0-0-1-1||36960|
197|197||3-5-0-0-1-1||5760|
198|198||3-5-0-0-1-1||22280|
199|199||3-5-0-0-1-1||7600|
200|200||3-5-0-0-1-1||12320|
