1|1||3-5-0-0-1-1||16100|
2|2||3-5-0-0-1-1||62960|
3|3||3-5-0-0-1-1||12320|
4|4||3-5-0-0-1-1||12300|
5|5||3-5-0-0-1-1||12740|
6|6||3-5-0-0-1-1||12320|
7|7||3-5-0-0-1-1||12320|
8|8||3-5-0-0-1-1||12320|
9|9||3-5-0-0-1-1||12620|
10|10||3-5-0-0-1-1||134800|
11|11||3-5-0-0-1-1||86440|
12|12||3-5-0-0-1-1||12320|
13|13||3-5-0-0-1-1||15800|
14|14||3-5-0-0-1-1||12400|
15|15||3-5-0-0-1-1||77340|
16|16||3-5-0-0-1-1||12320|
17|17||3-5-0-0-1-1||24800|
18|18||3-5-0-0-1-1||12320|
19|19||3-5-0-0-1-1||36100|
20|20||3-5-0-0-1-1||24740|
21|21||3-5-0-0-1-1||27340|
22|22||3-5-0-0-1-1||12320|
23|23||3-5-0-0-1-1||36960|
24|24||3-5-0-0-1-1||24640|
25|25||3-5-0-0-1-1||25240|
26|26||3-5-0-0-1-1||3100|
27|27||3-5-0-0-1-1||131000|
28|28||3-5-0-0-1-1||150760|
29|29||3-5-0-0-1-1||106500|
30|30||3-5-0-0-1-1||37060|
31|31||3-5-0-0-1-1||3980|
32|32||3-5-0-0-1-1||118600|
33|33||3-5-0-0-1-1||16300|
34|34||3-5-0-0-1-1||54320|
35|35||3-5-0-0-1-1||223000|
36|36||3-5-0-0-1-1||647600|
37|37||3-5-0-0-1-1||387400|
38|38||3-5-0-0-1-1||50100|
39|39||3-5-0-0-1-1||52280|
40|40||3-5-0-0-1-1||49000|
41|41||3-5-0-0-1-1||715200|
42|42||3-5-0-0-1-1||1475500|
43|43||3-5-0-0-1-1||172000|
44|44||3-5-0-0-1-1||118900|
45|45||3-5-0-0-1-1||223100|
46|46||3-5-0-0-1-1||1169500|
47|47||3-5-0-0-1-1||690800|
48|48||3-5-0-0-1-1||275400|
49|49||3-5-0-0-1-1||3700|
50|50||3-5-0-0-1-1||500|
51|51||3-5-0-0-1-1||37260|
52|52||3-5-0-0-1-1||252000|
53|53||3-5-0-0-1-1||6200|
54|54||3-5-0-0-1-1||156800|
55|55||3-5-0-0-1-1||400000|
56|56||3-5-0-0-1-1||535940|
57|57||3-5-0-0-1-1||755020|
58|58||3-5-0-0-1-1||198400|
59|59||3-5-0-0-1-1||196300|
60|60||3-5-0-0-1-1||1447000|
61|61||3-5-0-0-1-1||208700|
62|62||3-5-0-0-1-1||446800|
63|63||3-5-0-0-1-1||779480|
64|64||3-5-0-0-1-1||126000|
65|65||3-5-0-0-1-1||12320|
66|66||3-5-0-0-1-1||12300|
67|67||3-5-0-0-1-1||68700|
68|68||3-5-0-0-1-1||4012920|
69|69||3-5-0-0-1-1||12320|
70|70||3-5-0-0-1-1||167160|
71|71||3-5-0-0-1-1||12420|
72|72||3-5-0-0-1-1||12320|
73|73||3-5-0-0-1-1||4544000|
74|74||3-5-0-0-1-1||502000|
75|75||3-5-0-0-1-1||23700|
76|76||3-5-0-0-1-1||118900|
77|77||3-5-0-0-1-1||24740|
78|78||3-5-0-0-1-1||325900|
79|79||3-5-0-0-1-1||9163800|
80|80||3-5-0-0-1-1||126100|
81|81||3-5-0-0-1-1||12320|
82|82||3-5-0-0-1-1||12320|
83|83||3-5-0-0-1-1||274544|
84|84||3-5-0-0-1-1||268600|
85|85||3-5-0-0-1-1||12320|
86|86||3-5-0-0-1-1||55000|
87|87||3-5-0-0-1-1||55000|
88|88||3-5-0-0-1-1||167620|
89|89||3-5-0-0-1-1||16300|
90|90||3-5-0-0-1-1||1100|
91|91||3-5-0-0-1-1||18480|
92|92||3-5-0-0-1-1||12320|
93|93||3-5-0-0-1-1||3080|
94|94||3-5-0-0-1-1||13200|
95|95||3-5-0-0-1-1||56960|
96|96||3-5-0-0-1-1||181180|
97|97||3-5-0-0-1-1||187772|
98|98||3-5-0-0-1-1||206300|
99|99||3-5-0-0-1-1||130700|
100|100||3-5-0-0-1-1||12620|
101|101||3-5-0-0-1-1||1416800|
102|102||3-5-0-0-1-1||2590200|
103|103||3-5-0-0-1-1||64640|
104|104||3-5-0-0-1-1||12320|
105|105||3-5-0-0-1-1||37260|
106|106||3-5-0-0-1-1||293140|
107|107||3-5-0-0-1-1||61620|
108|108||3-5-0-0-1-1||143000|
109|109||3-5-0-0-1-1||12400|
110|110||3-5-0-0-1-1||12320|
111|111||3-5-0-0-1-1||11024|
112|112||3-5-0-0-1-1||70200|
113|113||3-5-0-0-1-1||3080|
114|114||3-5-0-0-1-1||8105|
115|115||3-5-0-0-1-1||2316|
116|116||3-5-0-0-1-1||12420|
117|117||3-5-0-0-1-1||65600|
118|118||3-5-0-0-1-1||49480|
119|119||3-5-0-0-1-1||76340|
120|120||3-5-0-0-1-1||61600|
121|121||3-5-0-0-1-1||12420|
122|122||3-5-0-0-1-1||24640|
123|123||3-5-0-0-1-1||24640|
124|124||3-5-0-0-1-1||12320|
125|125||3-5-0-0-1-1||59640|
126|126||3-5-0-0-1-1||98560|
127|127||3-5-0-0-1-1||12600|
128|128||3-5-0-0-1-1||49280|
129|129||3-5-0-0-1-1||12320|
130|130||3-5-0-0-1-1||62080|
131|131||3-5-0-0-1-1||1680|
132|132||3-5-0-0-1-1||66700|
133|133||3-5-0-0-1-1||24640|
134|134||3-5-0-0-1-1||12320|
135|135||3-5-0-0-1-1||13560|
136|136||3-5-0-0-1-1||12320|
137|137||3-5-0-0-1-1||200|
138|138||3-5-0-0-1-1||116200|
139|139||3-5-0-0-1-1||229200|
140|140||3-5-0-0-1-1||84000|
141|141||3-5-0-0-1-1||12420|
142|142||3-5-0-0-1-1||12720|
143|143||3-5-0-0-1-1||37580|
144|144||3-5-0-0-1-1||12320|
145|145||3-5-0-0-1-1||12320|
146|146||3-5-0-0-1-1||36960|
147|147||3-5-0-0-1-1||35500|
148|148||3-5-0-0-1-1||43700|
149|149||3-5-0-0-1-1||17248|
150|150||3-5-0-0-1-1||12320|
151|151||3-5-0-0-1-1||25140|
152|152||3-5-0-0-1-1||12320|
153|153||3-5-0-0-1-1||12420|
154|154||3-5-0-0-1-1||102268|
155|155||3-5-0-0-1-1||14900|
156|156||3-5-0-0-1-1||42|
157|157||3-5-0-0-1-1||328700|
158|158||3-5-0-0-1-1||334878|
159|159||3-5-0-0-1-1||589700|
160|160||3-5-0-0-1-1||254000|
161|161||3-5-0-0-1-1||12320|
162|162||3-5-0-0-1-1||12320|
163|163||3-5-0-0-1-1||12320|
164|164||3-5-0-0-1-1||49480|
165|165||3-5-0-0-1-1||14940|
166|166||3-5-0-0-1-1||15400|
167|167||3-5-0-0-1-1||40320|
168|168||3-5-0-0-1-1||12320|
169|169||3-5-0-0-1-1||300460|
170|170||3-5-0-0-1-1||12620|
171|171||3-5-0-0-1-1||2100|
172|172||3-5-0-0-1-1||12420|
173|173||3-5-0-0-1-1||12320|
174|174||3-5-0-0-1-1||177600|
175|175||3-5-0-0-1-1||1028400|
176|176||3-5-0-0-1-1||133600|
177|177||3-5-0-0-1-1||3103800|
178|178||3-5-0-0-1-1||510440|
179|179||3-5-0-0-1-1||3257800|
180|180||3-5-0-0-1-1||218400|
181|181||3-5-0-0-1-1||308200|
182|182||3-5-0-0-1-1||12320|
183|183||3-5-0-0-1-1||12420|
184|184||3-5-0-0-1-1||4107|
185|185||3-5-0-0-1-1||12320|
186|186||3-5-0-0-1-1||200900|
187|187||3-5-0-0-1-1||12320|
188|188||3-5-0-0-1-1||12320|
189|189||3-5-0-0-1-1||30840|
190|190||3-5-0-0-1-1||4900|
191|191||3-5-0-0-1-1||36960|
192|192||3-5-0-0-1-1||29400|
193|193||3-5-0-0-1-1||12320|
194|194||3-5-0-0-1-1||412320|
195|195||3-5-0-0-1-1||2777700|
196|196||3-5-0-0-1-1||12320|
197|197||3-5-0-0-1-1||54340|
198|198||3-5-0-0-1-1||49280|
199|199||3-5-0-0-1-1||137760|
200|200||3-5-0-0-1-1||402860|
