1|1||3-5-0-0-1-1||6000|
2|2||3-5-0-0-1-1||12320|
3|3||3-5-0-0-1-1||12320|
4|4||3-5-0-0-1-1||80000|
5|5||3-5-0-0-1-1||70280|
6|6||3-5-0-0-1-1||90000|
7|7||3-5-0-0-1-1||41100|
8|8||3-5-0-0-1-1||42400|
9|9||3-5-0-0-1-1||20000|
10|10||3-5-0-0-1-1||70800|
11|11||3-5-0-0-1-1||12320|
12|12||3-5-0-0-1-1||12320|
13|13||3-5-0-0-1-1||154700|
14|14||3-5-0-0-1-1||12320|
15|15||3-5-0-0-1-1||12320|
16|16||3-5-0-0-1-1||12320|
17|17||3-5-0-0-1-1||12620|
18|18||3-5-0-0-1-1||12420|
19|19||3-5-0-0-1-1||37160|
20|20||3-5-0-0-1-1||61500|
21|21||3-5-0-0-1-1||49200|
22|22||3-5-0-0-1-1||12320|
23|23||3-5-0-0-1-1||48420|
24|24||3-5-0-0-1-1||12320|
25|25||3-5-0-0-1-1||24640|
26|26||3-5-0-0-1-1||32860|
27|27||3-5-0-0-1-1||280000|
28|28||3-5-0-0-1-1||55900|
29|29||3-5-0-0-1-1||1688685|
30|30||3-5-0-0-1-1||12320|
31|31||3-5-0-0-1-1||14000|
32|32||3-5-0-0-1-1||728540|
33|33||3-5-0-0-1-1||37200|
34|34||3-5-0-0-1-1||21240|
35|35||3-5-0-0-1-1||12320|
36|36||3-5-0-0-1-1||280000|
37|37||3-5-0-0-1-1||24640|
38|38||3-5-0-0-1-1||16320|
39|39||3-5-0-0-1-1||277920|
40|40||3-5-0-0-1-1||12320|
41|41||3-5-0-0-1-1||71900|
42|42||3-5-0-0-1-1||20100|
43|43||3-5-0-0-1-1||24640|
44|44||3-5-0-0-1-1||57900|
45|45||3-5-0-0-1-1||39920|
46|46||3-5-0-0-1-1||12320|
47|47||3-5-0-0-1-1||44200|
48|48||3-5-0-0-1-1||183180|
49|49||3-5-0-0-1-1||13000|
50|50||3-5-0-0-1-1||435180|
51|51||3-5-0-0-1-1||17309500|
52|52||3-5-0-0-1-1||536080|
53|53||3-5-0-0-1-1||98560|
54|54||3-5-0-0-1-1||38200|
55|55||3-5-0-0-1-1||2700|
56|56||3-5-0-0-1-1||12320|
57|57||3-5-0-0-1-1||12320|
58|58||3-5-0-0-1-1||3600|
59|59||3-5-0-0-1-1||24640|
60|60||3-5-0-0-1-1||68420|
61|61||3-5-0-0-1-1||37060|
62|62||3-5-0-0-1-1||18520|
63|63||3-5-0-0-1-1||12600|
64|64||3-5-0-0-1-1||12320|
65|65||3-5-0-0-1-1||13500|
66|66||3-5-0-0-1-1||80400|
67|67||3-5-0-0-1-1||15520|
68|68||3-5-0-0-1-1||323070|
69|69||3-5-0-0-1-1||241620|
70|70||3-5-0-0-1-1||36240|
71|71||3-5-0-0-1-1||12400|
72|72||3-5-0-0-1-1||24740|
73|73||3-5-0-0-1-1||434600|
74|74||3-5-0-0-1-1||59760|
75|75||3-5-0-0-1-1||7500|
76|76||3-5-0-0-1-1||72840|
77|77||3-5-0-0-1-1||150100|
78|78||3-5-0-0-1-1||269294|
79|79||3-5-0-0-1-1||27430|
80|80||3-5-0-0-1-1||190800|
81|81||3-5-0-0-1-1||12320|
82|82||3-5-0-0-1-1||46020|
83|83||3-5-0-0-1-1||107300|
84|84||3-5-0-0-1-1||248000|
85|85||3-5-0-0-1-1||12320|
86|86||3-5-0-0-1-1||24640|
87|87||3-5-0-0-1-1||243340|
88|88||3-5-0-0-1-1||50200|
89|89||3-5-0-0-1-1||46200|
90|90||3-5-0-0-1-1||241100|
91|91||3-5-0-0-1-1||13000|
92|92||3-5-0-0-1-1||52620|
93|93||3-5-0-0-1-1||72440|
94|94||3-5-0-0-1-1||86240|
95|95||3-5-0-0-1-1||12320|
96|96||3-5-0-0-1-1||37060|
97|97||3-5-0-0-1-1||24640|
98|98||3-5-0-0-1-1||45500|
99|99||3-5-0-0-1-1||16560|
100|100||3-5-0-0-1-1||14600|
101|101||3-5-0-0-1-1||36500|
102|102||3-5-0-0-1-1||17340|
103|103||3-5-0-0-1-1||410470|
104|104||3-5-0-0-1-1||249270|
105|105||3-5-0-0-1-1||161750|
106|106||3-5-0-0-1-1||137310|
107|107||3-5-0-0-1-1||79620|
108|108||3-5-0-0-1-1||45268|
109|109||3-5-0-0-1-1||25500|
110|110||3-5-0-0-1-1||14500|
111|111||3-5-0-0-1-1||1643|
112|112||3-5-0-0-1-1||14400|
113|113||3-5-0-0-1-1||14700|
114|114||3-5-0-0-1-1||14100|
115|115||3-5-0-0-1-1||123240|
116|116||3-5-0-0-1-1||106400|
117|117||3-5-0-0-1-1||201000|
118|118||3-5-0-0-1-1||147750|
119|119||3-5-0-0-1-1||715350|
120|120||3-5-0-0-1-1||1799600|
121|121||3-5-0-0-1-1||38640|
122|122||3-5-0-0-1-1||54560|
123|123||3-5-0-0-1-1||40540|
124|124||3-5-0-0-1-1||39640|
125|125||3-5-0-0-1-1||150367|
126|126||3-5-0-0-1-1||427100|
127|127||3-5-0-0-1-1||1300|
128|128||3-5-0-0-1-1||12320|
129|129||3-5-0-0-1-1||58000|
130|130||3-5-0-0-1-1||24640|
131|131||3-5-0-0-1-1||318700|
132|132||3-5-0-0-1-1||12320|
133|133||3-5-0-0-1-1||284500|
134|134||3-5-0-0-1-1||165000|
135|135||3-5-0-0-1-1||138220|
136|136||3-5-0-0-1-1||62220|
137|137||3-5-0-0-1-1||76640|
138|138||3-5-0-0-1-1||925820|
139|139||3-5-0-0-1-1||1406880|
140|140||3-5-0-0-1-1||34820|
141|141||3-5-0-0-1-1||776360|
142|142||3-5-0-0-1-1||176820|
143|143||3-5-0-0-1-1||12320|
144|144||3-5-0-0-1-1||24740|
145|145||3-5-0-0-1-1||825394|
146|146||3-5-0-0-1-1||160160|
147|147||3-5-0-0-1-1||98560|
148|148||3-5-0-0-1-1||12320|
149|149||3-5-0-0-1-1||12320|
150|150||3-5-0-0-1-1||12420|
151|151||3-5-0-0-1-1||12320|
152|152||3-5-0-0-1-1||12320|
153|153||3-5-0-0-1-1||500|
154|154||3-5-0-0-1-1||24740|
155|155||3-5-0-0-1-1||7000|
156|156||3-5-0-0-1-1||47100|
157|157||3-5-0-0-1-1||12320|
158|158||3-5-0-0-1-1||61800|
159|159||3-5-0-0-1-1||16180|
160|160||3-5-0-0-1-1||37000|
161|161||3-5-0-0-1-1||12320|
162|162||3-5-0-0-1-1||12320|
163|163||3-5-0-0-1-1||24740|
164|164||3-5-0-0-1-1||13000|
165|165||3-5-0-0-1-1||36960|
166|166||3-5-0-0-1-1||37160|
167|167||3-5-0-0-1-1||27320|
168|168||3-5-0-0-1-1||24740|
169|169||3-5-0-0-1-1||8400|
170|170||3-5-0-0-1-1||4200|
171|171||3-5-0-0-1-1||24640|
172|172||3-5-0-0-1-1||68720|
173|173||3-5-0-0-1-1||24640|
174|174||3-5-0-0-1-1||16800|
175|175||3-5-0-0-1-1||5442|
176|176||3-5-0-0-1-1||12320|
177|177||3-5-0-0-1-1||214520|
178|178||3-5-0-0-1-1||117600|
179|179||3-5-0-0-1-1||84500|
180|180||3-5-0-0-1-1||12320|
181|181||3-5-0-0-1-1||24640|
182|182||3-5-0-0-1-1||98560|
183|183||3-5-0-0-1-1||55900|
184|184||3-5-0-0-1-1||27740|
185|185||3-5-0-0-1-1||12320|
186|186||3-5-0-0-1-1||24640|
187|187||3-5-0-0-1-1||24740|
188|188||3-5-0-0-1-1||17300|
189|189||3-5-0-0-1-1||20000|
190|190||3-5-0-0-1-1||6200|
191|191||3-5-0-0-1-1||37060|
192|192||3-5-0-0-1-1||12320|
193|193||3-5-0-0-1-1||12320|
194|194||3-5-0-0-1-1||36960|
195|195||3-5-0-0-1-1||49480|
196|196||3-5-0-0-1-1||55100|
197|197||3-5-0-0-1-1||52820|
198|198||3-5-0-0-1-1||12320|
199|199||3-5-0-0-1-1||12320|
200|200||3-5-0-0-1-1||50900|
