1|1||3-5-0-0-1-1||12320|
2|2||3-5-0-0-1-1||73800|
3|3||3-5-0-0-1-1||12620|
4|4||3-5-0-0-1-1||98940|
5|5||3-5-0-0-1-1||39440|
6|6||3-5-0-0-1-1||19400|
7|7||3-5-0-0-1-1||24740|
8|8||3-5-0-0-1-1||12320|
9|9||3-5-0-0-1-1||58400|
10|10||3-5-0-0-1-1||12520|
11|11||3-5-0-0-1-1||12320|
12|12||3-5-0-0-1-1||12320|
13|13||3-5-0-0-1-1||12320|
14|14||3-5-0-0-1-1||664400|
15|15||3-5-0-0-1-1||25300|
16|16||3-5-0-0-1-1||12420|
17|17||3-5-0-0-1-1||1620900|
18|18||3-5-0-0-1-1||11800|
19|19||3-5-0-0-1-1||12320|
20|20||3-5-0-0-1-1||278500|
21|21||3-5-0-0-1-1||51450|
22|22||3-5-0-0-1-1||154700|
23|23||3-5-0-0-1-1||530400|
24|24||3-5-0-0-1-1||86240|
25|25||3-5-0-0-1-1||112100|
26|26||3-5-0-0-1-1||188500|
27|27||3-5-0-0-1-1||12320|
28|28||3-5-0-0-1-1||3606640|
29|29||3-5-0-0-1-1||24840|
30|30||3-5-0-0-1-1||24000|
31|31||3-5-0-0-1-1||13790|
32|32||3-5-0-0-1-1||65080|
33|33||3-5-0-0-1-1||24700|
34|34||3-5-0-0-1-1||315800|
35|35||3-5-0-0-1-1||12320|
36|36||3-5-0-0-1-1||61840|
37|37||3-5-0-0-1-1||36000|
38|38||3-5-0-0-1-1||127200|
39|39||3-5-0-0-1-1||222500|
40|40||3-5-0-0-1-1||24640|
41|41||3-5-0-0-1-1||849100|
42|42||3-5-0-0-1-1||12320|
43|43||3-5-0-0-1-1||27320|
44|44||3-5-0-0-1-1||11956425|
45|45||3-5-0-0-1-1||62809060|
46|46||3-5-0-0-1-1||140000|
47|47||3-5-0-0-1-1||24600|
48|48||3-5-0-0-1-1||14300|
49|49||3-5-0-0-1-1||24640|
50|50||3-5-0-0-1-1||24700|
51|51||3-5-0-0-1-1||40640|
52|52||3-5-0-0-1-1||36900|
53|53||3-5-0-0-1-1||412320|
54|54||3-5-0-0-1-1||1442600|
55|55||3-5-0-0-1-1||12420|
56|56||3-5-0-0-1-1||696500|
57|57||3-5-0-0-1-1||37200|
58|58||3-5-0-0-1-1||4107|
59|59||3-5-0-0-1-1||19300|
60|60||3-5-0-0-1-1||36900|
61|61||3-5-0-0-1-1||254700|
62|62||3-5-0-0-1-1||21600|
63|63||3-5-0-0-1-1||587800|
64|64||3-5-0-0-1-1||188100|
65|65||3-5-0-0-1-1||297000|
66|66||3-5-0-0-1-1||1330360|
67|67||3-5-0-0-1-1||1239520|
68|68||3-5-0-0-1-1||22100|
69|69||3-5-0-0-1-1||1107200|
70|70||3-5-0-0-1-1||251900|
71|71||3-5-0-0-1-1||380000|
72|72||3-5-0-0-1-1||14100|
73|73||3-5-0-0-1-1||81746|
74|74||3-5-0-0-1-1||474900|
75|75||3-5-0-0-1-1||89960|
76|76||3-5-0-0-1-1||9148100|
77|77||3-5-0-0-1-1||786700|
78|78||3-5-0-0-1-1||400|
79|79||3-5-0-0-1-1||500|
80|80||3-5-0-0-1-1||289420|
81|81||3-5-0-0-1-1||178100|
82|82||3-5-0-0-1-1||1538100|
83|83||3-5-0-0-1-1||153600|
84|84||3-5-0-0-1-1||41120|
85|85||3-5-0-0-1-1||43400|
86|86||3-5-0-0-1-1||391600|
87|87||3-5-0-0-1-1||2779900|
88|88||3-5-0-0-1-1||311700|
89|89||3-5-0-0-1-1||288900|
90|90||3-5-0-0-1-1||150500|
91|91||3-5-0-0-1-1||25400|
92|92||3-5-0-0-1-1||544000|
93|93||3-5-0-0-1-1||150820|
94|94||3-5-0-0-1-1||253500|
95|95||3-5-0-0-1-1||420|
96|96||3-5-0-0-1-1||12320|
97|97||3-5-0-0-1-1||12320|
98|98||3-5-0-0-1-1||57100|
99|99||3-5-0-0-1-1||12420|
100|100||3-5-0-0-1-1||12300|
101|101||3-5-0-0-1-1||3154500|
102|102||3-5-0-0-1-1||60840|
103|103||3-5-0-0-1-1||7460|
104|104||3-5-0-0-1-1||12320|
105|105||3-5-0-0-1-1||1153800|
106|106||3-5-0-0-1-1||36960|
107|107||3-5-0-0-1-1||15600|
108|108||3-5-0-0-1-1||31600|
109|109||3-5-0-0-1-1||34880|
110|110||3-5-0-0-1-1||224542|
111|111||3-5-0-0-1-1||237800|
112|112||3-5-0-0-1-1||12320|
113|113||3-5-0-0-1-1||12320|
114|114||3-5-0-0-1-1||49380|
115|115||3-5-0-0-1-1||16540|
116|116||3-5-0-0-1-1||112100|
117|117||3-5-0-0-1-1||621900|
118|118||3-5-0-0-1-1||16100|
119|119||3-5-0-0-1-1||407000|
120|120||3-5-0-0-1-1||66880|
121|121||3-5-0-0-1-1||63900|
122|122||3-5-0-0-1-1||184000|
123|123||3-5-0-0-1-1||12320|
124|124||3-5-0-0-1-1||12400|
125|125||3-5-0-0-1-1||359900|
126|126||3-5-0-0-1-1||240883|
127|127||3-5-0-0-1-1||269850|
128|128||3-5-0-0-1-1||8658300|
129|129||3-5-0-0-1-1||141900|
130|130||3-5-0-0-1-1||61700|
131|131||3-5-0-0-1-1||80150|
132|132||3-5-0-0-1-1||35340|
133|133||3-5-0-0-1-1||12320|
134|134||3-5-0-0-1-1||12320|
135|135||3-5-0-0-1-1||155400|
136|136||3-5-0-0-1-1||12320|
137|137||3-5-0-0-1-1||16000|
138|138||3-5-0-0-1-1||15000|
139|139||3-5-0-0-1-1||360900|
140|140||3-5-0-0-1-1||1842800|
141|141||3-5-0-0-1-1||783000|
142|142||3-5-0-0-1-1||590200|
143|143||3-5-0-0-1-1||483100|
144|144||3-5-0-0-1-1||12320|
145|145||3-5-0-0-1-1||61500|
146|146||3-5-0-0-1-1||17327|
147|147||3-5-0-0-1-1||8500|
148|148||3-5-0-0-1-1||12320|
149|149||3-5-0-0-1-1||13580|
150|150||3-5-0-0-1-1||21360|
151|151||3-5-0-0-1-1||37260|
152|152||3-5-0-0-1-1||79440|
153|153||3-5-0-0-1-1||19000|
154|154||3-5-0-0-1-1||27900|
155|155||3-5-0-0-1-1||147800|
156|156||3-5-0-0-1-1||12320|
157|157||3-5-0-0-1-1||64020|
158|158||3-5-0-0-1-1||12320|
159|159||3-5-0-0-1-1||49300|
160|160||3-5-0-0-1-1||38100|
161|161||3-5-0-0-1-1||42900|
162|162||3-5-0-0-1-1||24000|
163|163||3-5-0-0-1-1||12800|
164|164||3-5-0-0-1-1||42500|
165|165||3-5-0-0-1-1||33500|
166|166||3-5-0-0-1-1||15719800|
167|167||3-5-0-0-1-1||12400|
168|168||3-5-0-0-1-1||12320|
169|169||3-5-0-0-1-1||62920|
170|170||3-5-0-0-1-1||12400|
171|171||3-5-0-0-1-1||242120|
172|172||3-5-0-0-1-1||3900|
173|173||3-5-0-0-1-1||400|
174|174||3-5-0-0-1-1||12320|
175|175||3-5-0-0-1-1||12300|
176|176||3-5-0-0-1-1||11100|
177|177||3-5-0-0-1-1||12520|
178|178||3-5-0-0-1-1||13120|
179|179||3-5-0-0-1-1||12820|
180|180||3-5-0-0-1-1||138800|
181|181||3-5-0-0-1-1||31500|
182|182||3-5-0-0-1-1||12320|
183|183||3-5-0-0-1-1||16400|
184|184||3-5-0-0-1-1||16000|
185|185||3-5-0-0-1-1||224200|
186|186||3-5-0-0-1-1||979120|
187|187||3-5-0-0-1-1||34250|
188|188||3-5-0-0-1-1||3100|
189|189||3-5-0-0-1-1||1095100|
190|190||3-5-0-0-1-1||12320|
191|191||3-5-0-0-1-1||178600|
192|192||3-5-0-0-1-1||15000|
193|193||3-5-0-0-1-1||19000|
194|194||3-5-0-0-1-1||1631000|
195|195||3-5-0-0-1-1||205840|
196|196||3-5-0-0-1-1||99720|
197|197||3-5-0-0-1-1||73920|
198|198||3-5-0-0-1-1||12620|
199|199||3-5-0-0-1-1||209440|
200|200||3-5-0-0-1-1||12420|
