1|1||3-5-0-0-1-1||12320|
2|2||3-5-0-0-1-1||18600|
3|3||3-5-0-0-1-1||12720|
4|4||3-5-0-0-1-1||12320|
5|5||3-5-0-0-1-1||275880|
6|6||3-5-0-0-1-1||420|
7|7||3-5-0-0-1-1||12420|
8|8||3-5-0-0-1-1||286000|
9|9||3-5-0-0-1-1||198000|
10|10||3-5-0-0-1-1||12320|
11|11||3-5-0-0-1-1||28240|
12|12||3-5-0-0-1-1||24580|
13|13||3-5-0-0-1-1||28747|
14|14||3-5-0-0-1-1||12320|
15|15||3-5-0-0-1-1||115780|
16|16||3-5-0-0-1-1||16120|
17|17||3-5-0-0-1-1||14780|
18|18||3-5-0-0-1-1||44140|
19|19||3-5-0-0-1-1||88240|
20|20||3-5-0-0-1-1||22700|
21|21||3-5-0-0-1-1||602920|
22|22||3-5-0-0-1-1||653060|
23|23||3-5-0-0-1-1||353780|
24|24||3-5-0-0-1-1||340560|
25|25||3-5-0-0-1-1||32100|
26|26||3-5-0-0-1-1||141860|
27|27||3-5-0-0-1-1||120560|
28|28||3-5-0-0-1-1||11440|
29|29||3-5-0-0-1-1||200000|
30|30||3-5-0-0-1-1||140000|
31|31||3-5-0-0-1-1||12420|
32|32||3-5-0-0-1-1||12320|
33|33||3-5-0-0-1-1||170000|
34|34||3-5-0-0-1-1||6100|
35|35||3-5-0-0-1-1||528260|
36|36||3-5-0-0-1-1||215700|
37|37||3-5-0-0-1-1||12320|
38|38||3-5-0-0-1-1||18000|
39|39||3-5-0-0-1-1||200000|
40|40||3-5-0-0-1-1||12420|
41|41||3-5-0-0-1-1||381100|
42|42||3-5-0-0-1-1||235243|
43|43||3-5-0-0-1-1||61800|
44|44||3-5-0-0-1-1||12320|
45|45||3-5-0-0-1-1||23780|
46|46||3-5-0-0-1-1||244500|
47|47||3-5-0-0-1-1||61900|
48|48||3-5-0-0-1-1||15000|
49|49||3-5-0-0-1-1||97000|
50|50||3-5-0-0-1-1||12320|
51|51||3-5-0-0-1-1||42098935|
52|52||3-5-0-0-1-1||51440|
53|53||3-5-0-0-1-1||39900|
54|54||3-5-0-0-1-1||196000|
55|55||3-5-0-0-1-1||31620|
56|56||3-5-0-0-1-1||12500|
57|57||3-5-0-0-1-1||91640|
58|58||3-5-0-0-1-1||206960|
59|59||3-5-0-0-1-1||67160|
60|60||3-5-0-0-1-1||47120|
61|61||3-5-0-0-1-1||52000|
62|62||3-5-0-0-1-1||64400|
63|63||3-5-0-0-1-1||22100|
64|64||3-5-0-0-1-1||65620|
65|65||3-5-0-0-1-1||79000|
66|66||3-5-0-0-1-1||136000|
67|67||3-5-0-0-1-1||88260|
68|68||3-5-0-0-1-1||12320|
69|69||3-5-0-0-1-1||43800|
70|70||3-5-0-0-1-1||43440|
71|71||3-5-0-0-1-1||44400|
72|72||3-5-0-0-1-1||45200|
73|73||3-5-0-0-1-1||46300|
74|74||3-5-0-0-1-1||44400|
75|75||3-5-0-0-1-1||1312860|
76|76||3-5-0-0-1-1||613063|
77|77||3-5-0-0-1-1||5674320|
78|78||3-5-0-0-1-1||234420|
79|79||3-5-0-0-1-1||1407700|
80|80||3-5-0-0-1-1||187040|
81|81||3-5-0-0-1-1||66200|
82|82||3-5-0-0-1-1||27000|
83|83||3-5-0-0-1-1||67600|
84|84||3-5-0-0-1-1||28800|
85|85||3-5-0-0-1-1||728140|
86|86||3-5-0-0-1-1||10080|
87|87||3-5-0-0-1-1||19740|
88|88||3-5-0-0-1-1||1952700|
89|89||3-5-0-0-1-1||385120|
90|90||3-5-0-0-1-1||26220|
91|91||3-5-0-0-1-1||78440|
92|92||3-5-0-0-1-1||214100|
93|93||3-5-0-0-1-1||49280|
94|94||3-5-0-0-1-1||638300|
95|95||3-5-0-0-1-1||126200|
96|96||3-5-0-0-1-1||168880|
97|97||3-5-0-0-1-1||328740|
98|98||3-5-0-0-1-1||24740|
99|99||3-5-0-0-1-1||502700|
100|100||3-5-0-0-1-1||378900|
101|101||3-5-0-0-1-1||24640|
102|102||3-5-0-0-1-1||464100|
103|103||3-5-0-0-1-1||148340|
104|104||3-5-0-0-1-1||12300|
105|105||3-5-0-0-1-1||86600|
106|106||3-5-0-0-1-1||461940|
107|107||3-5-0-0-1-1||379600|
108|108||3-5-0-0-1-1||66516|
109|109||3-5-0-0-1-1||63680|
110|110||3-5-0-0-1-1||12320|
111|111||3-5-0-0-1-1||505740|
112|112||3-5-0-0-1-1||215040|
113|113||3-5-0-0-1-1||271040|
114|114||3-5-0-0-1-1||77400|
115|115||3-5-0-0-1-1||175320|
116|116||3-5-0-0-1-1||277620|
117|117||3-5-0-0-1-1||127280|
118|118||3-5-0-0-1-1||12320|
119|119||3-5-0-0-1-1||24640|
120|120||3-5-0-0-1-1||61800|
121|121||3-5-0-0-1-1||25240|
122|122||3-5-0-0-1-1||5900|
123|123||3-5-0-0-1-1||13300|
124|124||3-5-0-0-1-1||6300|
125|125||3-5-0-0-1-1||260389|
126|126||3-5-0-0-1-1||18000|
127|127||3-5-0-0-1-1||12620|
128|128||3-5-0-0-1-1||3100|
129|129||3-5-0-0-1-1||18580|
130|130||3-5-0-0-1-1||12320|
131|131||3-5-0-0-1-1||437980|
132|132||3-5-0-0-1-1||14000|
133|133||3-5-0-0-1-1||24640|
134|134||3-5-0-0-1-1||170500|
135|135||3-5-0-0-1-1||24640|
136|136||3-5-0-0-1-1||24640|
137|137||3-5-0-0-1-1||6300|
138|138||3-5-0-0-1-1||186460|
139|139||3-5-0-0-1-1||12320|
140|140||3-5-0-0-1-1||12320|
141|141||3-5-0-0-1-1||16000|
142|142||3-5-0-0-1-1||26400|
143|143||3-5-0-0-1-1||24640|
144|144||3-5-0-0-1-1||12420|
145|145||3-5-0-0-1-1||3100|
146|146||3-5-0-0-1-1||16100|
147|147||3-5-0-0-1-1||62960|
148|148||3-5-0-0-1-1||12320|
149|149||3-5-0-0-1-1||12300|
150|150||3-5-0-0-1-1||12740|
151|151||3-5-0-0-1-1||12320|
152|152||3-5-0-0-1-1||12320|
153|153||3-5-0-0-1-1||12320|
154|154||3-5-0-0-1-1||12620|
155|155||3-5-0-0-1-1||134800|
156|156||3-5-0-0-1-1||86440|
157|157||3-5-0-0-1-1||12320|
158|158||3-5-0-0-1-1||15800|
159|159||3-5-0-0-1-1||12400|
160|160||3-5-0-0-1-1||77340|
161|161||3-5-0-0-1-1||12320|
162|162||3-5-0-0-1-1||24800|
163|163||3-5-0-0-1-1||12320|
164|164||3-5-0-0-1-1||36100|
165|165||3-5-0-0-1-1||24740|
166|166||3-5-0-0-1-1||27340|
167|167||3-5-0-0-1-1||12320|
168|168||3-5-0-0-1-1||36960|
169|169||3-5-0-0-1-1||24640|
170|170||3-5-0-0-1-1||25240|
171|171||3-5-0-0-1-1||3100|
172|172||3-5-0-0-1-1||131000|
173|173||3-5-0-0-1-1||150760|
174|174||3-5-0-0-1-1||106500|
175|175||3-5-0-0-1-1||37060|
176|176||3-5-0-0-1-1||3980|
177|177||3-5-0-0-1-1||118600|
178|178||3-5-0-0-1-1||16300|
179|179||3-5-0-0-1-1||54320|
180|180||3-5-0-0-1-1||223000|
181|181||3-5-0-0-1-1||647600|
182|182||3-5-0-0-1-1||387400|
183|183||3-5-0-0-1-1||50100|
184|184||3-5-0-0-1-1||52280|
185|185||3-5-0-0-1-1||49000|
186|186||3-5-0-0-1-1||715200|
187|187||3-5-0-0-1-1||1475500|
188|188||3-5-0-0-1-1||172000|
189|189||3-5-0-0-1-1||118900|
190|190||3-5-0-0-1-1||223100|
191|191||3-5-0-0-1-1||1169500|
192|192||3-5-0-0-1-1||690800|
193|193||3-5-0-0-1-1||275400|
194|194||3-5-0-0-1-1||3700|
195|195||3-5-0-0-1-1||500|
196|196||3-5-0-0-1-1||37260|
197|197||3-5-0-0-1-1||252000|
198|198||3-5-0-0-1-1||6200|
199|199||3-5-0-0-1-1||156800|
200|200||3-5-0-0-1-1||400000|
