1|1||3-5-0-0-1-1||12320|
2|2||3-5-0-0-1-1||26320|
3|3||3-5-0-0-1-1||12320|
4|4||3-5-0-0-1-1||12320|
5|5||3-5-0-0-1-1||12320|
6|6||3-5-0-0-1-1||12920|
7|7||3-5-0-0-1-1||85000|
8|8||3-5-0-0-1-1||145840|
9|9||3-5-0-0-1-1||16100|
10|10||3-5-0-0-1-1||1240|
11|11||3-5-0-0-1-1||24740|
12|12||3-5-0-0-1-1||632500|
13|13||3-5-0-0-1-1||24740|
14|14||3-5-0-0-1-1||126000|
15|15||3-5-0-0-1-1||12320|
16|16||3-5-0-0-1-1||381300|
17|17||3-5-0-0-1-1||200000|
18|18||3-5-0-0-1-1||11067|
19|19||3-5-0-0-1-1||12320|
20|20||3-5-0-0-1-1||12320|
21|21||3-5-0-0-1-1||18220|
22|22||3-5-0-0-1-1||12420|
23|23||3-5-0-0-1-1||40740|
24|24||3-5-0-0-1-1||12300|
25|25||3-5-0-0-1-1||74742|
26|26||3-5-0-0-1-1||12420|
27|27||3-5-0-0-1-1||12420|
28|28||3-5-0-0-1-1||12320|
29|29||3-5-0-0-1-1||24740|
30|30||3-5-0-0-1-1||69280|
31|31||3-5-0-0-1-1||12320|
32|32||3-5-0-0-1-1||25302|
33|33||3-5-0-0-1-1||840|
34|34||3-5-0-0-1-1||49280|
35|35||3-5-0-0-1-1||21360|
36|36||3-5-0-0-1-1||12320|
37|37||3-5-0-0-1-1||12300|
38|38||3-5-0-0-1-1||12420|
39|39||3-5-0-0-1-1||12320|
40|40||3-5-0-0-1-1||37260|
41|41||3-5-0-0-1-1||25300|
42|42||3-5-0-0-1-1||24640|
43|43||3-5-0-0-1-1||12300|
44|44||3-5-0-0-1-1||24740|
45|45||3-5-0-0-1-1||18480|
46|46||3-5-0-0-1-1||12320|
47|47||3-5-0-0-1-1||12320|
48|48||3-5-0-0-1-1||40800|
49|49||3-5-0-0-1-1||16000|
50|50||3-5-0-0-1-1||86100|
51|51||3-5-0-0-1-1||900|
52|52||3-5-0-0-1-1||21700|
53|53||3-5-0-0-1-1||12320|
54|54||3-5-0-0-1-1||12300|
55|55||3-5-0-0-1-1||19100|
56|56||3-5-0-0-1-1||9515|
57|57||3-5-0-0-1-1||18000|
58|58||3-5-0-0-1-1||15400|
59|59||3-5-0-0-1-1||12420|
60|60||3-5-0-0-1-1||24740|
61|61||3-5-0-0-1-1||12320|
62|62||3-5-0-0-1-1||111180|
63|63||3-5-0-0-1-1||12320|
64|64||3-5-0-0-1-1||920|
65|65||3-5-0-0-1-1||24640|
66|66||3-5-0-0-1-1||14400|
67|67||3-5-0-0-1-1||193800|
68|68||3-5-0-0-1-1||6580|
69|69||3-5-0-0-1-1||36960|
70|70||3-5-0-0-1-1||40500|
71|71||3-5-0-0-1-1||12320|
72|72||3-5-0-0-1-1||24740|
73|73||3-5-0-0-1-1||11100|
74|74||3-5-0-0-1-1||8220|
75|75||3-5-0-0-1-1||12320|
76|76||3-5-0-0-1-1||420|
77|77||3-5-0-0-1-1||12420|
78|78||3-5-0-0-1-1||16100|
79|79||3-5-0-0-1-1||12420|
80|80||3-5-0-0-1-1||12320|
81|81||3-5-0-0-1-1||12620|
82|82||3-5-0-0-1-1||14100|
83|83||3-5-0-0-1-1||12320|
84|84||3-5-0-0-1-1||24640|
85|85||3-5-0-0-1-1||12420|
86|86||3-5-0-0-1-1||274932|
87|87||3-5-0-0-1-1||24740|
88|88||3-5-0-0-1-1||12320|
89|89||3-5-0-0-1-1||12320|
90|90||3-5-0-0-1-1||12420|
91|91||3-5-0-0-1-1||420|
92|92||3-5-0-0-1-1||12320|
93|93||3-5-0-0-1-1||12320|
94|94||3-5-0-0-1-1||24740|
95|95||3-5-0-0-1-1||12320|
96|96||3-5-0-0-1-1||12720|
97|97||3-5-0-0-1-1||24640|
98|98||3-5-0-0-1-1||14400|
99|99||3-5-0-0-1-1||24640|
100|100||3-5-0-0-1-1||12320|
101|101||3-5-0-0-1-1||65700|
102|102||3-5-0-0-1-1||27100|
103|103||3-5-0-0-1-1||12320|
104|104||3-5-0-0-1-1||12320|
105|105||3-5-0-0-1-1||24640|
106|106||3-5-0-0-1-1||12420|
107|107||3-5-0-0-1-1||12320|
108|108||3-5-0-0-1-1||35320|
109|109||3-5-0-0-1-1||12320|
110|110||3-5-0-0-1-1||49280|
111|111||3-5-0-0-1-1||56000|
112|112||3-5-0-0-1-1||70300|
113|113||3-5-0-0-1-1||37060|
114|114||3-5-0-0-1-1||24640|
115|115||3-5-0-0-1-1||12320|
116|116||3-5-0-0-1-1||12320|
117|117||3-5-0-0-1-1||3100|
118|118||3-5-0-0-1-1||12320|
119|119||3-5-0-0-1-1||24640|
120|120||3-5-0-0-1-1||24640|
121|121||3-5-0-0-1-1||12320|
122|122||3-5-0-0-1-1||110880|
123|123||3-5-0-0-1-1||210000|
124|124||3-5-0-0-1-1||12320|
125|125||3-5-0-0-1-1||12620|
126|126||3-5-0-0-1-1||19420|
127|127||3-5-0-0-1-1||12420|
128|128||3-5-0-0-1-1||84340|
129|129||3-5-0-0-1-1||9240|
130|130||3-5-0-0-1-1||16100|
131|131||3-5-0-0-1-1||31000|
132|132||3-5-0-0-1-1||25240|
133|133||3-5-0-0-1-1||12420|
134|134||3-5-0-0-1-1||36960|
135|135||3-5-0-0-1-1||4620|
136|136||3-5-0-0-1-1||68080|
137|137||3-5-0-0-1-1||43100|
138|138||3-5-0-0-1-1||1442500|
139|139||3-5-0-0-1-1||12320|
140|140||3-5-0-0-1-1||135520|
141|141||3-5-0-0-1-1||24740|
142|142||3-5-0-0-1-1||12320|
143|143||3-5-0-0-1-1||24840|
144|144||3-5-0-0-1-1||12500|
145|145||3-5-0-0-1-1||12320|
146|146||3-5-0-0-1-1||12300|
147|147||3-5-0-0-1-1||12320|
148|148||3-5-0-0-1-1||22680|
149|149||3-5-0-0-1-1||12320|
150|150||3-5-0-0-1-1||308000|
151|151||3-5-0-0-1-1||45200|
152|152||3-5-0-0-1-1||12320|
153|153||3-5-0-0-1-1||6200|
154|154||3-5-0-0-1-1||200|
155|155||3-5-0-0-1-1||12320|
156|156||3-5-0-0-1-1||1661|
157|157||3-5-0-0-1-1||37060|
158|158||3-5-0-0-1-1||128500|
159|159||3-5-0-0-1-1||287000|
160|160||3-5-0-0-1-1||12320|
161|161||3-5-0-0-1-1||12320|
162|162||3-5-0-0-1-1||12320|
163|163||3-5-0-0-1-1||61600|
164|164||3-5-0-0-1-1||24640|
165|165||3-5-0-0-1-1||537260|
166|166||3-5-0-0-1-1||11340|
167|167||3-5-0-0-1-1||13000|
168|168||3-5-0-0-1-1||87520|
169|169||3-5-0-0-1-1||30200|
170|170||3-5-0-0-1-1||81240|
171|171||3-5-0-0-1-1||12320|
172|172||3-5-0-0-1-1||12320|
173|173||3-5-0-0-1-1||137152|
174|174||3-5-0-0-1-1||66360|
175|175||3-5-0-0-1-1||12320|
176|176||3-5-0-0-1-1||12420|
177|177||3-5-0-0-1-1||572920|
178|178||3-5-0-0-1-1||169684|
179|179||3-5-0-0-1-1||12300|
180|180||3-5-0-0-1-1||330|
181|181||3-5-0-0-1-1||17795|
182|182||3-5-0-0-1-1||152600|
183|183||3-5-0-0-1-1||16100|
184|184||3-5-0-0-1-1||329900|
185|185||3-5-0-0-1-1||361400|
186|186||3-5-0-0-1-1||12420|
187|187||3-5-0-0-1-1||890400|
188|188||3-5-0-0-1-1||12400|
189|189||3-5-0-0-1-1||3100|
190|190||3-5-0-0-1-1||51558|
191|191||3-5-0-0-1-1||24640|
192|192||3-5-0-0-1-1||14000|
193|193||3-5-0-0-1-1||420|
194|194||3-5-0-0-1-1||252000|
195|195||3-5-0-0-1-1||73500|
196|196||3-5-0-0-1-1||12420|
197|197||3-5-0-0-1-1||12420|
198|198||3-5-0-0-1-1||10720|
199|199||3-5-0-0-1-1||12320|
200|200||3-5-0-0-1-1||61600|
