1|1||3-5-0-0-1-1||24640|
2|2||3-5-0-0-1-1||25140|
3|3||3-5-0-0-1-1||24640|
4|4||3-5-0-0-1-1||78900|
5|5||3-5-0-0-1-1||304400|
6|6||3-5-0-0-1-1||6677100|
7|7||3-5-0-0-1-1||237540|
8|8||3-5-0-0-1-1||158000|
9|9||3-5-0-0-1-1||120000|
10|10||3-5-0-0-1-1||12400|
11|11||3-5-0-0-1-1||12320|
12|12||3-5-0-0-1-1||12300|
13|13||3-5-0-0-1-1||146100|
14|14||3-5-0-0-1-1||65680|
15|15||3-5-0-0-1-1||12320|
16|16||3-5-0-0-1-1||61600|
17|17||3-5-0-0-1-1||78820|
18|18||3-5-0-0-1-1||68866|
19|19||3-5-0-0-1-1||12320|
20|20||3-5-0-0-1-1||12320|
21|21||3-5-0-0-1-1||37060|
22|22||3-5-0-0-1-1||24740|
23|23||3-5-0-0-1-1||12320|
24|24||3-5-0-0-1-1||147840|
25|25||3-5-0-0-1-1||194400|
26|26||3-5-0-0-1-1||61800|
27|27||3-5-0-0-1-1||259920|
28|28||3-5-0-0-1-1||266820|
29|29||3-5-0-0-1-1||62100|
30|30||3-5-0-0-1-1||35220|
31|31||3-5-0-0-1-1||12320|
32|32||3-5-0-0-1-1||308000|
33|33||3-5-0-0-1-1||12320|
34|34||3-5-0-0-1-1||19300|
35|35||3-5-0-0-1-1||16000|
36|36||3-5-0-0-1-1||50100|
37|37||3-5-0-0-1-1||12320|
38|38||3-5-0-0-1-1||54208|
39|39||3-5-0-0-1-1||18480|
40|40||3-5-0-0-1-1||61600|
41|41||3-5-0-0-1-1||12320|
42|42||3-5-0-0-1-1||5366200|
43|43||3-5-0-0-1-1||539000|
44|44||3-5-0-0-1-1||112400|
45|45||3-5-0-0-1-1||616000|
46|46||3-5-0-0-1-1||165900|
47|47||3-5-0-0-1-1||258400|
48|48||3-5-0-0-1-1||3180|
49|49||3-5-0-0-1-1||168000|
50|50||3-5-0-0-1-1||459200|
51|51||3-5-0-0-1-1||38840|
52|52||3-5-0-0-1-1||12320|
53|53||3-5-0-0-1-1||24640|
54|54||3-5-0-0-1-1||12320|
55|55||3-5-0-0-1-1||12320|
56|56||3-5-0-0-1-1||16000|
57|57||3-5-0-0-1-1||49280|
58|58||3-5-0-0-1-1||12320|
59|59||3-5-0-0-1-1||24740|
60|60||3-5-0-0-1-1||1900|
61|61||3-5-0-0-1-1||1823|
62|62||3-5-0-0-1-1||42420|
63|63||3-5-0-0-1-1||15600|
64|64||3-5-0-0-1-1||12320|
65|65||3-5-0-0-1-1||2800000|
66|66||3-5-0-0-1-1||24100|
67|67||3-5-0-0-1-1||12420|
68|68||3-5-0-0-1-1||12420|
69|69||3-5-0-0-1-1||12720|
70|70||3-5-0-0-1-1||300000|
71|71||3-5-0-0-1-1||12320|
72|72||3-5-0-0-1-1||49900|
73|73||3-5-0-0-1-1||37800|
74|74||3-5-0-0-1-1||20300|
75|75||3-5-0-0-1-1||61700|
76|76||3-5-0-0-1-1||7900|
77|77||3-5-0-0-1-1||12620|
78|78||3-5-0-0-1-1||1483100|
79|79||3-5-0-0-1-1||13200|
80|80||3-5-0-0-1-1||639740|
81|81||3-5-0-0-1-1||19300|
82|82||3-5-0-0-1-1||63000|
83|83||3-5-0-0-1-1||114040|
84|84||3-5-0-0-1-1||50800|
85|85||3-5-0-0-1-1||12320|
86|86||3-5-0-0-1-1||679100|
87|87||3-5-0-0-1-1||872900|
88|88||3-5-0-0-1-1||253700|
89|89||3-5-0-0-1-1||349300|
90|90||3-5-0-0-1-1||6345600|
91|91||3-5-0-0-1-1||12320|
92|92||3-5-0-0-1-1||29035|
93|93||3-5-0-0-1-1||1828000|
94|94||3-5-0-0-1-1||1074480|
95|95||3-5-0-0-1-1||12320|
96|96||3-5-0-0-1-1||12420|
97|97||3-5-0-0-1-1||37160|
98|98||3-5-0-0-1-1||98300|
99|99||3-5-0-0-1-1||12420|
100|100||3-5-0-0-1-1||822|
101|101||3-5-0-0-1-1||12320|
102|102||3-5-0-0-1-1||12700|
103|103||3-5-0-0-1-1||146800|
104|104||3-5-0-0-1-1||12320|
105|105||3-5-0-0-1-1||12320|
106|106||3-5-0-0-1-1||24740|
107|107||3-5-0-0-1-1||12320|
108|108||3-5-0-0-1-1||38160|
109|109||3-5-0-0-1-1||12320|
110|110||3-5-0-0-1-1||24740|
111|111||3-5-0-0-1-1||24640|
112|112||3-5-0-0-1-1||12420|
113|113||3-5-0-0-1-1||24230|
114|114||3-5-0-0-1-1||12320|
115|115||3-5-0-0-1-1||12620|
116|116||3-5-0-0-1-1||12320|
117|117||3-5-0-0-1-1||25260|
118|118||3-5-0-0-1-1||26200|
119|119||3-5-0-0-1-1||12320|
120|120||3-5-0-0-1-1||3100|
121|121||3-5-0-0-1-1||3200|
122|122||3-5-0-0-1-1||12740|
123|123||3-5-0-0-1-1||24640|
124|124||3-5-0-0-1-1||86940|
125|125||3-5-0-0-1-1||63040|
126|126||3-5-0-0-1-1||16100|
127|127||3-5-0-0-1-1||26420|
128|128||3-5-0-0-1-1||12320|
129|129||3-5-0-0-1-1||135820|
130|130||3-5-0-0-1-1||12420|
131|131||3-5-0-0-1-1||12320|
132|132||3-5-0-0-1-1||24640|
133|133||3-5-0-0-1-1||12320|
134|134||3-5-0-0-1-1||12320|
135|135||3-5-0-0-1-1||3760|
136|136||3-5-0-0-1-1||12320|
137|137||3-5-0-0-1-1||12420|
138|138||3-5-0-0-1-1||12320|
139|139||3-5-0-0-1-1||49280|
140|140||3-5-0-0-1-1||12620|
141|141||3-5-0-0-1-1||250800|
142|142||3-5-0-0-1-1||627000|
143|143||3-5-0-0-1-1||14000|
144|144||3-5-0-0-1-1||12620|
145|145||3-5-0-0-1-1||12320|
146|146||3-5-0-0-1-1||49280|
147|147||3-5-0-0-1-1||320000|
148|148||3-5-0-0-1-1||17100|
149|149||3-5-0-0-1-1||12320|
150|150||3-5-0-0-1-1||583460|
151|151||3-5-0-0-1-1||215100|
152|152||3-5-0-0-1-1||12320|
153|153||3-5-0-0-1-1||104000|
154|154||3-5-0-0-1-1||166240|
155|155||3-5-0-0-1-1||12320|
156|156||3-5-0-0-1-1||14200|
157|157||3-5-0-0-1-1||12620|
158|158||3-5-0-0-1-1||12320|
159|159||3-5-0-0-1-1||47600|
160|160||3-5-0-0-1-1||528000|
161|161||3-5-0-0-1-1||165500|
162|162||3-5-0-0-1-1||148020|
163|163||3-5-0-0-1-1||171800|
164|164||3-5-0-0-1-1||169800|
165|165||3-5-0-0-1-1||167800|
166|166||3-5-0-0-1-1||174000|
167|167||3-5-0-0-1-1||16000|
168|168||3-5-0-0-1-1||2900|
169|169||3-5-0-0-1-1||63020|
170|170||3-5-0-0-1-1||305000|
171|171||3-5-0-0-1-1||308000|
172|172||3-5-0-0-1-1||668000|
173|173||3-5-0-0-1-1||12320|
174|174||3-5-0-0-1-1||556100|
175|175||3-5-0-0-1-1||243700|
176|176||3-5-0-0-1-1||230700|
177|177||3-5-0-0-1-1||419300|
178|178||3-5-0-0-1-1||12320|
179|179||3-5-0-0-1-1||3300|
180|180||3-5-0-0-1-1||5000|
181|181||3-5-0-0-1-1||12300|
182|182||3-5-0-0-1-1||12100|
183|183||3-5-0-0-1-1||11800|
184|184||3-5-0-0-1-1||12320|
185|185||3-5-0-0-1-1||61500|
186|186||3-5-0-0-1-1||360000|
187|187||3-5-0-0-1-1||119300|
188|188||3-5-0-0-1-1||162470|
189|189||3-5-0-0-1-1||129000|
190|190||3-5-0-0-1-1||155100|
191|191||3-5-0-0-1-1||25060|
192|192||3-5-0-0-1-1||12320|
193|193||3-5-0-0-1-1||12320|
194|194||3-5-0-0-1-1||24600|
195|195||3-5-0-0-1-1||15500|
196|196||3-5-0-0-1-1||12300|
197|197||3-5-0-0-1-1||12320|
198|198||3-5-0-0-1-1||32320|
199|199||3-5-0-0-1-1||12320|
200|200||3-5-0-0-1-1||153840|
