1|1||3-5-0-0-1-1||2027400|
2|2||3-5-0-0-1-1||1515400|
3|3||3-5-0-0-1-1||24740|
4|4||3-5-0-0-1-1||14200|
5|5||3-5-0-0-1-1||12620|
6|6||3-5-0-0-1-1||61800|
7|7||3-5-0-0-1-1||37940|
8|8||3-5-0-0-1-1||12320|
9|9||3-5-0-0-1-1||12320|
10|10||3-5-0-0-1-1||12320|
11|11||3-5-0-0-1-1||12320|
12|12||3-5-0-0-1-1||12420|
13|13||3-5-0-0-1-1||12420|
14|14||3-5-0-0-1-1||24640|
15|15||3-5-0-0-1-1||28847|
16|16||3-5-0-0-1-1||12420|
17|17||3-5-0-0-1-1||36960|
18|18||3-5-0-0-1-1||15700|
19|19||3-5-0-0-1-1||20000|
20|20||3-5-0-0-1-1||21340|
21|21||3-5-0-0-1-1||3285|
22|22||3-5-0-0-1-1||12320|
23|23||3-5-0-0-1-1||6260|
24|24||3-5-0-0-1-1||12320|
25|25||3-5-0-0-1-1||16000|
26|26||3-5-0-0-1-1||251400|
27|27||3-5-0-0-1-1||12320|
28|28||3-5-0-0-1-1||141520|
29|29||3-5-0-0-1-1||120240|
30|30||3-5-0-0-1-1||48000|
31|31||3-5-0-0-1-1||1260|
32|32||3-5-0-0-1-1||3080|
33|33||3-5-0-0-1-1||6200|
34|34||3-5-0-0-1-1||12320|
35|35||3-5-0-0-1-1||6160|
36|36||3-5-0-0-1-1||12320|
37|37||3-5-0-0-1-1||36960|
38|38||3-5-0-0-1-1||37060|
39|39||3-5-0-0-1-1||44800|
40|40||3-5-0-0-1-1||12420|
41|41||3-5-0-0-1-1||8203|
42|42||3-5-0-0-1-1||12320|
43|43||3-5-0-0-1-1||25440|
44|44||3-5-0-0-1-1||37060|
45|45||3-5-0-0-1-1||12320|
46|46||3-5-0-0-1-1||13320|
47|47||3-5-0-0-1-1||55620|
48|48||3-5-0-0-1-1||2900|
49|49||3-5-0-0-1-1||24740|
50|50||3-5-0-0-1-1||12320|
51|51||3-5-0-0-1-1||6200|
52|52||3-5-0-0-1-1||73920|
53|53||3-5-0-0-1-1||5200|
54|54||3-5-0-0-1-1||24720|
55|55||3-5-0-0-1-1||595898|
56|56||3-5-0-0-1-1||12420|
57|57||3-5-0-0-1-1||185760|
58|58||3-5-0-0-1-1||10200|
59|59||3-5-0-0-1-1||140500|
60|60||3-5-0-0-1-1||604000|
61|61||3-5-0-0-1-1||12320|
62|62||3-5-0-0-1-1||51860|
63|63||3-5-0-0-1-1||12320|
64|64||3-5-0-0-1-1||12320|
65|65||3-5-0-0-1-1||864000|
66|66||3-5-0-0-1-1||14800|
67|67||3-5-0-0-1-1||14829000|
68|68||3-5-0-0-1-1||328700|
69|69||3-5-0-0-1-1||12320|
70|70||3-5-0-0-1-1||12320|
71|71||3-5-0-0-1-1||123200|
72|72||3-5-0-0-1-1||36960|
73|73||3-5-0-0-1-1||12500|
74|74||3-5-0-0-1-1||12320|
75|75||3-5-0-0-1-1||12320|
76|76||3-5-0-0-1-1||1700|
77|77||3-5-0-0-1-1||106867|
78|78||3-5-0-0-1-1||98560|
79|79||3-5-0-0-1-1||33920|
80|80||3-5-0-0-1-1||281300|
81|81||3-5-0-0-1-1||24640|
82|82||3-5-0-0-1-1||15000|
83|83||3-5-0-0-1-1||727840|
84|84||3-5-0-0-1-1||273900|
85|85||3-5-0-0-1-1||821|
86|86||3-5-0-0-1-1||409500|
87|87||3-5-0-0-1-1||2151200|
88|88||3-5-0-0-1-1||382100|
89|89||3-5-0-0-1-1||372300|
90|90||3-5-0-0-1-1||12320|
91|91||3-5-0-0-1-1||400000|
92|92||3-5-0-0-1-1||7900|
93|93||3-5-0-0-1-1||12420|
94|94||3-5-0-0-1-1||427000|
95|95||3-5-0-0-1-1||3553200|
96|96||3-5-0-0-1-1||1055700|
97|97||3-5-0-0-1-1||12300|
98|98||3-5-0-0-1-1||12320|
99|99||3-5-0-0-1-1||48600|
100|100||3-5-0-0-1-1||24700|
101|101||3-5-0-0-1-1||545940|
102|102||3-5-0-0-1-1||11400|
103|103||3-5-0-0-1-1||144560|
104|104||3-5-0-0-1-1||2460700|
105|105||3-5-0-0-1-1||12320|
106|106||3-5-0-0-1-1||12420|
107|107||3-5-0-0-1-1||24400|
108|108||3-5-0-0-1-1||218300|
109|109||3-5-0-0-1-1||397000|
110|110||3-5-0-0-1-1||362940|
111|111||3-5-0-0-1-1||12720|
112|112||3-5-0-0-1-1||36500|
113|113||3-5-0-0-1-1||24640|
114|114||3-5-0-0-1-1||49280|
115|115||3-5-0-0-1-1||440500|
116|116||3-5-0-0-1-1||12320|
117|117||3-5-0-0-1-1||12320|
118|118||3-5-0-0-1-1||8175400|
119|119||3-5-0-0-1-1||1915720|
120|120||3-5-0-0-1-1||12320|
121|121||3-5-0-0-1-1||12320|
122|122||3-5-0-0-1-1||208000|
123|123||3-5-0-0-1-1||12420|
124|124||3-5-0-0-1-1||101900|
125|125||3-5-0-0-1-1||389700|
126|126||3-5-0-0-1-1||420|
127|127||3-5-0-0-1-1||9947000|
128|128||3-5-0-0-1-1||1472400|
129|129||3-5-0-0-1-1||7780|
130|130||3-5-0-0-1-1||12320|
131|131||3-5-0-0-1-1||681600|
132|132||3-5-0-0-1-1||1068300|
133|133||3-5-0-0-1-1||12320|
134|134||3-5-0-0-1-1||955800|
135|135||3-5-0-0-1-1||137600|
136|136||3-5-0-0-1-1||139000|
137|137||3-5-0-0-1-1||2142520|
138|138||3-5-0-0-1-1||112100|
139|139||3-5-0-0-1-1||349300|
140|140||3-5-0-0-1-1||3420|
141|141||3-5-0-0-1-1||17700|
142|142||3-5-0-0-1-1||610400|
143|143||3-5-0-0-1-1||708000|
144|144||3-5-0-0-1-1||32932|
145|145||3-5-0-0-1-1||59980|
146|146||3-5-0-0-1-1||2489100|
147|147||3-5-0-0-1-1||15370600|
148|148||3-5-0-0-1-1||175400|
149|149||3-5-0-0-1-1||8620|
150|150||3-5-0-0-1-1||112100|
151|151||3-5-0-0-1-1||140400|
152|152||3-5-0-0-1-1||150900|
153|153||3-5-0-0-1-1||128113000|
154|154||3-5-0-0-1-1||37000|
155|155||3-5-0-0-1-1||90000|
156|156||3-5-0-0-1-1||129500|
157|157||3-5-0-0-1-1||326800|
158|158||3-5-0-0-1-1||79740|
159|159||3-5-0-0-1-1||100488|
160|160||3-5-0-0-1-1||43849|
161|161||3-5-0-0-1-1||1473100|
162|162||3-5-0-0-1-1||1379000|
163|163||3-5-0-0-1-1||1456180|
164|164||3-5-0-0-1-1||71300|
165|165||3-5-0-0-1-1||1913300|
166|166||3-5-0-0-1-1||3107000|
167|167||3-5-0-0-1-1||27900|
168|168||3-5-0-0-1-1||124843|
169|169||3-5-0-0-1-1||2744500|
170|170||3-5-0-0-1-1||45497620|
171|171||3-5-0-0-1-1||3600|
172|172||3-5-0-0-1-1||6200|
173|173||3-5-0-0-1-1||18400|
174|174||3-5-0-0-1-1||207200|
175|175||3-5-0-0-1-1||24740|
176|176||3-5-0-0-1-1||310|
177|177||3-5-0-0-1-1||3032900|
178|178||3-5-0-0-1-1||12420|
179|179||3-5-0-0-1-1||12320|
180|180||3-5-0-0-1-1||50000|
181|181||3-5-0-0-1-1||1610200|
182|182||3-5-0-0-1-1||12320|
183|183||3-5-0-0-1-1||572800|
184|184||3-5-0-0-1-1||12320|
185|185||3-5-0-0-1-1||658600|
186|186||3-5-0-0-1-1||12320|
187|187||3-5-0-0-1-1||12320|
188|188||3-5-0-0-1-1||146000|
189|189||3-5-0-0-1-1||30100|
190|190||3-5-0-0-1-1||20220|
191|191||3-5-0-0-1-1||7805100|
192|192||3-5-0-0-1-1||3414240|
193|193||3-5-0-0-1-1||11340|
194|194||3-5-0-0-1-1||12320|
195|195||3-5-0-0-1-1||162400|
196|196||3-5-0-0-1-1||12420|
197|197||3-5-0-0-1-1||1395020|
198|198||3-5-0-0-1-1||39500|
199|199||3-5-0-0-1-1||40443|
200|200||3-5-0-0-1-1||384640|
