1|1||3-5-0-0-1-1||221600|
2|2||3-5-0-0-1-1||155000|
3|3||3-5-0-0-1-1||98300|
4|4||3-5-0-0-1-1||70100|
5|5||3-5-0-0-1-1||85100|
6|6||3-5-0-0-1-1||15300|
7|7||3-5-0-0-1-1||3800|
8|8||3-5-0-0-1-1||214000|
9|9||3-5-0-0-1-1||131400|
10|10||3-5-0-0-1-1||219200|
11|11||3-5-0-0-1-1||112900|
12|12||3-5-0-0-1-1||31300|
13|13||3-5-0-0-1-1||116020|
14|14||3-5-0-0-1-1||200|
15|15||3-5-0-0-1-1||500|
16|16||3-5-0-0-1-1||500|
17|17||3-5-0-0-1-1||43700|
18|18||3-5-0-0-1-1||50700|
19|19||3-5-0-0-1-1||49400|
20|20||3-5-0-0-1-1||500|
21|21||3-5-0-0-1-1||142800|
22|22||3-5-0-0-1-1||459800|
23|23||3-5-0-0-1-1||224000|
24|24||3-5-0-0-1-1||292000|
25|25||3-5-0-0-1-1||3167000|
26|26||3-5-0-0-1-1||610700|
27|27||3-5-0-0-1-1||1428840|
28|28||3-5-0-0-1-1||150805|
29|29||3-5-0-0-1-1||865900|
30|30||3-5-0-0-1-1||763900|
31|31||3-5-0-0-1-1||5800|
32|32||3-5-0-0-1-1||5800|
33|33||3-5-0-0-1-1||6000|
34|34||3-5-0-0-1-1||18600|
35|35||3-5-0-0-1-1||6000|
36|36||3-5-0-0-1-1||5800|
37|37||3-5-0-0-1-1||5800|
38|38||3-5-0-0-1-1||5800|
39|39||3-5-0-0-1-1||276400|
40|40||3-5-0-0-1-1||85100|
41|41||3-5-0-0-1-1||23000|
42|42||3-5-0-0-1-1||176700|
43|43||3-5-0-0-1-1||16400|
44|44||3-5-0-0-1-1||1034|
45|45||3-5-0-0-1-1||124900|
46|46||3-5-0-0-1-1||160300|
47|47||3-5-0-0-1-1||973980|
48|48||3-5-0-0-1-1||147400|
49|49||3-5-0-0-1-1||3004000|
50|50||3-5-0-0-1-1||3168900|
51|51||3-5-0-0-1-1||58300|
52|52||3-5-0-0-1-1||388000|
53|53||3-5-0-0-1-1||56600|
54|54||3-5-0-0-1-1||60800|
55|55||3-5-0-0-1-1||1173620|
56|56||3-5-0-0-1-1||1562000|
57|57||3-5-0-0-1-1||1214400|
58|58||3-5-0-0-1-1||1355800|
59|59||3-5-0-0-1-1||2746800|
60|60||3-5-0-0-1-1||1396900|
61|61||3-5-0-0-1-1||7700|
62|62||3-5-0-0-1-1||2565200|
63|63||3-5-0-0-1-1||27800|
64|64||3-5-0-0-1-1||27800|
65|65||3-5-0-0-1-1||27800|
66|66||3-5-0-0-1-1||70000|
67|67||3-5-0-0-1-1||28800|
68|68||3-5-0-0-1-1||27500|
69|69||3-5-0-0-1-1||27700|
70|70||3-5-0-0-1-1||27800|
71|71||3-5-0-0-1-1||28400|
72|72||3-5-0-0-1-1||70100|
73|73||3-5-0-0-1-1||28100|
74|74||3-5-0-0-1-1||27900|
75|75||3-5-0-0-1-1||28000|
76|76||3-5-0-0-1-1||28100|
77|77||3-5-0-0-1-1||43400|
78|78||3-5-0-0-1-1||28300|
79|79||3-5-0-0-1-1||28000|
80|80||3-5-0-0-1-1||27900|
81|81||3-5-0-0-1-1||28800|
82|82||3-5-0-0-1-1||28800|
83|83||3-5-0-0-1-1||28600|
84|84||3-5-0-0-1-1||70600|
85|85||3-5-0-0-1-1||28900|
86|86||3-5-0-0-1-1||27700|
87|87||3-5-0-0-1-1||27700|
88|88||3-5-0-0-1-1||27800|
89|89||3-5-0-0-1-1||28300|
90|90||3-5-0-0-1-1||70200|
91|91||3-5-0-0-1-1||28500|
92|92||3-5-0-0-1-1||28100|
93|93||3-5-0-0-1-1||42900|
94|94||3-5-0-0-1-1||27800|
95|95||3-5-0-0-1-1||28000|
96|96||3-5-0-0-1-1||28000|
97|97||3-5-0-0-1-1||28200|
98|98||3-5-0-0-1-1||27900|
99|99||3-5-0-0-1-1||42800|
100|100||3-5-0-0-1-1||27900|
101|101||3-5-0-0-1-1||28600|
102|102||3-5-0-0-1-1||28900|
103|103||3-5-0-0-1-1||42400|
