1|1||3-5-0-0-1-1||628400|
2|2||3-5-0-0-1-1||17400|
3|3||3-5-0-0-1-1||12320|
4|4||3-5-0-0-1-1||12320|
5|5||3-5-0-0-1-1||74320|
6|6||3-5-0-0-1-1||24640|
7|7||3-5-0-0-1-1||110880|
8|8||3-5-0-0-1-1||7028|
9|9||3-5-0-0-1-1||625800|
10|10||3-5-0-0-1-1||396000|
11|11||3-5-0-0-1-1||3289800|
12|12||3-5-0-0-1-1||2080300|
13|13||3-5-0-0-1-1||37100|
14|14||3-5-0-0-1-1||160300|
15|15||3-5-0-0-1-1||973980|
16|16||3-5-0-0-1-1||12610|
17|17||3-5-0-0-1-1||12720|
18|18||3-5-0-0-1-1||147400|
19|19||3-5-0-0-1-1||24600|
20|20||3-5-0-0-1-1||430940|
21|21||3-5-0-0-1-1||142480|
22|22||3-5-0-0-1-1||3400|
23|23||3-5-0-0-1-1||36960|
24|24||3-5-0-0-1-1||85550|
25|25||3-5-0-0-1-1||12300|
26|26||3-5-0-0-1-1||25000|
27|27||3-5-0-0-1-1||12320|
28|28||3-5-0-0-1-1||703900|
29|29||3-5-0-0-1-1||3004000|
30|30||3-5-0-0-1-1||3168900|
31|31||3-5-0-0-1-1||58300|
32|32||3-5-0-0-1-1||49280|
33|33||3-5-0-0-1-1||24640|
34|34||3-5-0-0-1-1||12300|
35|35||3-5-0-0-1-1||12300|
36|36||3-5-0-0-1-1||12300|
37|37||3-5-0-0-1-1||12320|
38|38||3-5-0-0-1-1||95960|
39|39||3-5-0-0-1-1||12400|
40|40||3-5-0-0-1-1||12320|
41|41||3-5-0-0-1-1||51000|
42|42||3-5-0-0-1-1||283840|
43|43||3-5-0-0-1-1||283840|
44|44||3-5-0-0-1-1||303880|
45|45||3-5-0-0-1-1||20944|
46|46||3-5-0-0-1-1||12320|
47|47||3-5-0-0-1-1||12320|
48|48||3-5-0-0-1-1||12320|
49|49||3-5-0-0-1-1||36960|
50|50||3-5-0-0-1-1||99802|
51|51||3-5-0-0-1-1||30829|
52|52||3-5-0-0-1-1||388000|
53|53||3-5-0-0-1-1||17400|
54|54||3-5-0-0-1-1||24640|
55|55||3-5-0-0-1-1||72520|
56|56||3-5-0-0-1-1||12320|
57|57||3-5-0-0-1-1||24000|
58|58||3-5-0-0-1-1||196000|
59|59||3-5-0-0-1-1||37260|
60|60||3-5-0-0-1-1||37560|
61|61||3-5-0-0-1-1||32800|
62|62||3-5-0-0-1-1||31800|
63|63||3-5-0-0-1-1||28200|
64|64||3-5-0-0-1-1||27520|
65|65||3-5-0-0-1-1||28920|
66|66||3-5-0-0-1-1||28900|
67|67||3-5-0-0-1-1||31100|
68|68||3-5-0-0-1-1||30900|
69|69||3-5-0-0-1-1||197120|
70|70||3-5-0-0-1-1||234080|
71|71||3-5-0-0-1-1||15000|
72|72||3-5-0-0-1-1||54500|
73|73||3-5-0-0-1-1||234080|
74|74||3-5-0-0-1-1||58920|
75|75||3-5-0-0-1-1||12320|
76|76||3-5-0-0-1-1||63280|
77|77||3-5-0-0-1-1||25440|
78|78||3-5-0-0-1-1||59320|
79|79||3-5-0-0-1-1||24640|
80|80||3-5-0-0-1-1||160960|
81|81||3-5-0-0-1-1||12320|
82|82||3-5-0-0-1-1||12420|
83|83||3-5-0-0-1-1||33916|
84|84||3-5-0-0-1-1||61600|
85|85||3-5-0-0-1-1||6793|
86|86||3-5-0-0-1-1||12320|
87|87||3-5-0-0-1-1||12320|
88|88||3-5-0-0-1-1||24600|
89|89||3-5-0-0-1-1||420|
90|90||3-5-0-0-1-1||82600|
91|91||3-5-0-0-1-1||12320|
92|92||3-5-0-0-1-1||12320|
93|93||3-5-0-0-1-1||16000|
94|94||3-5-0-0-1-1||12320|
95|95||3-5-0-0-1-1||24840|
96|96||3-5-0-0-1-1||28140|
97|97||3-5-0-0-1-1||24640|
98|98||3-5-0-0-1-1||12740|
99|99||3-5-0-0-1-1||12320|
100|100||3-5-0-0-1-1||90720|
101|101||3-5-0-0-1-1||24640|
102|102||3-5-0-0-1-1||822|
103|103||3-5-0-0-1-1||24229|
104|104||3-5-0-0-1-1||12320|
105|105||3-5-0-0-1-1||49280|
106|106||3-5-0-0-1-1||12500|
107|107||3-5-0-0-1-1||12420|
108|108||3-5-0-0-1-1||241000|
109|109||3-5-0-0-1-1||371560|
110|110||3-5-0-0-1-1||56600|
111|111||3-5-0-0-1-1||60800|
112|112||3-5-0-0-1-1||1173620|
113|113||3-5-0-0-1-1||1562000|
114|114||3-5-0-0-1-1||1214400|
115|115||3-5-0-0-1-1||1233320|
116|116||3-5-0-0-1-1||500700|
117|117||3-5-0-0-1-1||12420|
118|118||3-5-0-0-1-1||12320|
119|119||3-5-0-0-1-1||136020|
120|120||3-5-0-0-1-1||24740|
121|121||3-5-0-0-1-1||24640|
122|122||3-5-0-0-1-1||3861800|
123|123||3-5-0-0-1-1||12320|
124|124||3-5-0-0-1-1||25400|
125|125||3-5-0-0-1-1||2400|
126|126||3-5-0-0-1-1||434860|
127|127||3-5-0-0-1-1||284883|
128|128||3-5-0-0-1-1||110700|
129|129||3-5-0-0-1-1||12320|
130|130||3-5-0-0-1-1||4100|
131|131||3-5-0-0-1-1||204000|
132|132||3-5-0-0-1-1||600120|
133|133||3-5-0-0-1-1||18400|
134|134||3-5-0-0-1-1||14804|
135|135||3-5-0-0-1-1||12420|
136|136||3-5-0-0-1-1||162000|
137|137||3-5-0-0-1-1||599700|
138|138||3-5-0-0-1-1||552200|
139|139||3-5-0-0-1-1||952700|
140|140||3-5-0-0-1-1||12320|
141|141||3-5-0-0-1-1||112100|
142|142||3-5-0-0-1-1||1440000|
143|143||3-5-0-0-1-1||340100|
144|144||3-5-0-0-1-1||228800|
145|145||3-5-0-0-1-1||12300|
146|146||3-5-0-0-1-1||64200|
147|147||3-5-0-0-1-1||335500|
148|148||3-5-0-0-1-1||32000|
149|149||3-5-0-0-1-1||59000|
150|150||3-5-0-0-1-1||18500|
151|151||3-5-0-0-1-1||511300|
152|152||3-5-0-0-1-1||25100|
153|153||3-5-0-0-1-1||145100|
154|154||3-5-0-0-1-1||12320|
155|155||3-5-0-0-1-1||14100|
156|156||3-5-0-0-1-1||12300|
157|157||3-5-0-0-1-1||52275|
158|158||3-5-0-0-1-1||441260|
159|159||3-5-0-0-1-1||392860|
160|160||3-5-0-0-1-1||24640|
161|161||3-5-0-0-1-1||24640|
162|162||3-5-0-0-1-1||24740|
163|163||3-5-0-0-1-1||242000|
164|164||3-5-0-0-1-1||167520|
165|165||3-5-0-0-1-1||162400|
166|166||3-5-0-0-1-1||19500|
167|167||3-5-0-0-1-1||1308114|
168|168||3-5-0-0-1-1||986900|
169|169||3-5-0-0-1-1||24640|
170|170||3-5-0-0-1-1||3230400|
171|171||3-5-0-0-1-1||43500|
172|172||3-5-0-0-1-1||12920|
173|173||3-5-0-0-1-1||12320|
174|174||3-5-0-0-1-1||12320|
175|175||3-5-0-0-1-1||24740|
176|176||3-5-0-0-1-1||40700|
177|177||3-5-0-0-1-1||49280|
178|178||3-5-0-0-1-1||69300|
179|179||3-5-0-0-1-1||107300|
180|180||3-5-0-0-1-1||252000|
181|181||3-5-0-0-1-1||24740|
182|182||3-5-0-0-1-1||27640|
183|183||3-5-0-0-1-1||12600|
184|184||3-5-0-0-1-1||19120|
185|185||3-5-0-0-1-1||35920|
186|186||3-5-0-0-1-1||24820|
187|187||3-5-0-0-1-1||12320|
188|188||3-5-0-0-1-1||16480|
189|189||3-5-0-0-1-1||37200|
190|190||3-5-0-0-1-1||24640|
191|191||3-5-0-0-1-1||64700|
192|192||3-5-0-0-1-1||40920|
193|193||3-5-0-0-1-1||12320|
194|194||3-5-0-0-1-1||36960|
195|195||3-5-0-0-1-1||40200|
196|196||3-5-0-0-1-1||27200|
197|197||3-5-0-0-1-1||85100|
198|198||3-5-0-0-1-1||24740|
199|199||3-5-0-0-1-1||232600|
200|200||3-5-0-0-1-1||24740|
