1|1||3-5-0-0-1-1||158540|
2|2||3-5-0-0-1-1||140000|
3|3||3-5-0-0-1-1||592720|
4|4||3-5-0-0-1-1||49280|
5|5||3-5-0-0-1-1||18500|
6|6||3-5-0-0-1-1||22420|
7|7||3-5-0-0-1-1||52000|
8|8||3-5-0-0-1-1||12500|
9|9||3-5-0-0-1-1||12320|
10|10||3-5-0-0-1-1||14900|
11|11||3-5-0-0-1-1||12520|
12|12||3-5-0-0-1-1||12420|
13|13||3-5-0-0-1-1||12300|
14|14||3-5-0-0-1-1||12320|
15|15||3-5-0-0-1-1||18100|
16|16||3-5-0-0-1-1||11340|
17|17||3-5-0-0-1-1||12320|
18|18||3-5-0-0-1-1||12320|
19|19||3-5-0-0-1-1||24640|
20|20||3-5-0-0-1-1||6200|
21|21||3-5-0-0-1-1||12320|
22|22||3-5-0-0-1-1||12420|
23|23||3-5-0-0-1-1||36900|
24|24||3-5-0-0-1-1||12320|
25|25||3-5-0-0-1-1||12320|
26|26||3-5-0-0-1-1||19740|
27|27||3-5-0-0-1-1||27000|
28|28||3-5-0-0-1-1||49280|
29|29||3-5-0-0-1-1||50580|
30|30||3-5-0-0-1-1||24740|
31|31||3-5-0-0-1-1||12420|
32|32||3-5-0-0-1-1||12320|
33|33||3-5-0-0-1-1||12420|
34|34||3-5-0-0-1-1||24740|
35|35||3-5-0-0-1-1||20500|
36|36||3-5-0-0-1-1||12320|
37|37||3-5-0-0-1-1||12320|
38|38||3-5-0-0-1-1||20140|
39|39||3-5-0-0-1-1||12320|
40|40||3-5-0-0-1-1||822|
41|41||3-5-0-0-1-1||12620|
42|42||3-5-0-0-1-1||23420|
43|43||3-5-0-0-1-1||3100|
44|44||3-5-0-0-1-1||14400|
45|45||3-5-0-0-1-1||15100|
46|46||3-5-0-0-1-1||12320|
47|47||3-5-0-0-1-1||30800|
48|48||3-5-0-0-1-1||468040|
49|49||3-5-0-0-1-1||8300|
50|50||3-5-0-0-1-1||14000|
51|51||3-5-0-0-1-1||4471|
52|52||3-5-0-0-1-1||18620|
53|53||3-5-0-0-1-1||17400|
54|54||3-5-0-0-1-1||19000|
55|55||3-5-0-0-1-1||52863|
56|56||3-5-0-0-1-1||12320|
57|57||3-5-0-0-1-1||3100|
58|58||3-5-0-0-1-1||24740|
59|59||3-5-0-0-1-1||12720|
60|60||3-5-0-0-1-1||12320|
61|61||3-5-0-0-1-1||13020|
62|62||3-5-0-0-1-1||13220|
63|63||3-5-0-0-1-1||12420|
64|64||3-5-0-0-1-1||12320|
65|65||3-5-0-0-1-1||17400|
66|66||3-5-0-0-1-1||24640|
67|67||3-5-0-0-1-1||168300|
68|68||3-5-0-0-1-1||9680|
69|69||3-5-0-0-1-1||3080|
70|70||3-5-0-0-1-1||12320|
71|71||3-5-0-0-1-1||12620|
72|72||3-5-0-0-1-1||23200|
73|73||3-5-0-0-1-1||57600|
74|74||3-5-0-0-1-1||12400|
75|75||3-5-0-0-1-1||119300|
76|76||3-5-0-0-1-1||275340|
77|77||3-5-0-0-1-1||12320|
78|78||3-5-0-0-1-1||12320|
79|79||3-5-0-0-1-1||12320|
80|80||3-5-0-0-1-1||88000|
81|81||3-5-0-0-1-1||28800|
82|82||3-5-0-0-1-1||51760|
83|83||3-5-0-0-1-1||66940|
84|84||3-5-0-0-1-1||11500|
85|85||3-5-0-0-1-1||68580|
86|86||3-5-0-0-1-1||12320|
87|87||3-5-0-0-1-1||12320|
88|88||3-5-0-0-1-1||24640|
89|89||3-5-0-0-1-1||12320|
90|90||3-5-0-0-1-1||12420|
91|91||3-5-0-0-1-1||12320|
92|92||3-5-0-0-1-1||24640|
93|93||3-5-0-0-1-1||12320|
94|94||3-5-0-0-1-1||18700|
95|95||3-5-0-0-1-1||163800|
96|96||3-5-0-0-1-1||973100|
97|97||3-5-0-0-1-1||12720|
98|98||3-5-0-0-1-1||140448|
99|99||3-5-0-0-1-1||131828|
100|100||3-5-0-0-1-1||12320|
101|101||3-5-0-0-1-1||131860|
102|102||3-5-0-0-1-1||24740|
103|103||3-5-0-0-1-1||14700|
104|104||3-5-0-0-1-1||160700|
105|105||3-5-0-0-1-1||13900|
106|106||3-5-0-0-1-1||821|
107|107||3-5-0-0-1-1||4993500|
108|108||3-5-0-0-1-1||47155800|
109|109||3-5-0-0-1-1||129400|
110|110||3-5-0-0-1-1||24640|
111|111||3-5-0-0-1-1||12420|
112|112||3-5-0-0-1-1||20000|
113|113||3-5-0-0-1-1||4928|
114|114||3-5-0-0-1-1||12320|
115|115||3-5-0-0-1-1||24900|
116|116||3-5-0-0-1-1||12420|
117|117||3-5-0-0-1-1||12320|
118|118||3-5-0-0-1-1||12320|
119|119||3-5-0-0-1-1||555200|
120|120||3-5-0-0-1-1||501700|
121|121||3-5-0-0-1-1||118246|
122|122||3-5-0-0-1-1||12420|
123|123||3-5-0-0-1-1||78640|
124|124||3-5-0-0-1-1||24740|
125|125||3-5-0-0-1-1||36960|
126|126||3-5-0-0-1-1||308000|
127|127||3-5-0-0-1-1||12320|
128|128||3-5-0-0-1-1||12420|
129|129||3-5-0-0-1-1||12320|
130|130||3-5-0-0-1-1||74120|
131|131||3-5-0-0-1-1||17000|
132|132||3-5-0-0-1-1||12620|
133|133||3-5-0-0-1-1||12320|
134|134||3-5-0-0-1-1||12420|
135|135||3-5-0-0-1-1||364200|
136|136||3-5-0-0-1-1||12320|
137|137||3-5-0-0-1-1||15500|
138|138||3-5-0-0-1-1||23196000|
139|139||3-5-0-0-1-1||545260|
140|140||3-5-0-0-1-1||67500|
141|141||3-5-0-0-1-1||12400|
142|142||3-5-0-0-1-1||517500|
143|143||3-5-0-0-1-1||12620|
144|144||3-5-0-0-1-1||14100|
145|145||3-5-0-0-1-1||24640|
146|146||3-5-0-0-1-1||12320|
147|147||3-5-0-0-1-1||47300|
148|148||3-5-0-0-1-1||46100|
149|149||3-5-0-0-1-1||1957960|
150|150||3-5-0-0-1-1||128600|
151|151||3-5-0-0-1-1||311780|
152|152||3-5-0-0-1-1||249900|
153|153||3-5-0-0-1-1||788800|
154|154||3-5-0-0-1-1||840|
155|155||3-5-0-0-1-1||39700|
156|156||3-5-0-0-1-1||12920|
157|157||3-5-0-0-1-1||12600|
158|158||3-5-0-0-1-1||12320|
159|159||3-5-0-0-1-1||12300|
160|160||3-5-0-0-1-1||14900|
161|161||3-5-0-0-1-1||39740|
162|162||3-5-0-0-1-1||219500|
163|163||3-5-0-0-1-1||40800|
164|164||3-5-0-0-1-1||355900|
165|165||3-5-0-0-1-1||250700|
166|166||3-5-0-0-1-1||12420|
167|167||3-5-0-0-1-1||12320|
168|168||3-5-0-0-1-1||12620|
169|169||3-5-0-0-1-1||49200|
170|170||3-5-0-0-1-1||142400|
171|171||3-5-0-0-1-1||123900|
172|172||3-5-0-0-1-1||556400|
173|173||3-5-0-0-1-1||12320|
174|174||3-5-0-0-1-1||12300|
175|175||3-5-0-0-1-1||44000|
176|176||3-5-0-0-1-1||27820|
177|177||3-5-0-0-1-1||542100|
178|178||3-5-0-0-1-1||60960|
179|179||3-5-0-0-1-1||12420|
180|180||3-5-0-0-1-1||49280|
181|181||3-5-0-0-1-1||14000|
182|182||3-5-0-0-1-1||154640|
183|183||3-5-0-0-1-1||17600|
184|184||3-5-0-0-1-1||12320|
185|185||3-5-0-0-1-1||123000|
186|186||3-5-0-0-1-1||119700|
187|187||3-5-0-0-1-1||12320|
188|188||3-5-0-0-1-1||12320|
189|189||3-5-0-0-1-1||24640|
190|190||3-5-0-0-1-1||12320|
191|191||3-5-0-0-1-1||12320|
192|192||3-5-0-0-1-1||11340|
193|193||3-5-0-0-1-1||62640|
194|194||3-5-0-0-1-1||12320|
195|195||3-5-0-0-1-1||92820|
196|196||3-5-0-0-1-1||12320|
197|197||3-5-0-0-1-1||39100|
198|198||3-5-0-0-1-1||12320|
199|199||3-5-0-0-1-1||170800|
200|200||3-5-0-0-1-1||161720|
