1|1||3-5-0-0-1-1||12620|
2|2||3-5-0-0-1-1||343320|
3|3||3-5-0-0-1-1||151600|
4|4||3-5-0-0-1-1||11100|
5|5||3-5-0-0-1-1||74120|
6|6||3-5-0-0-1-1||12320|
7|7||3-5-0-0-1-1||12320|
8|8||3-5-0-0-1-1||115680|
9|9||3-5-0-0-1-1||49280|
10|10||3-5-0-0-1-1||12720|
11|11||3-5-0-0-1-1||24640|
12|12||3-5-0-0-1-1||12320|
13|13||3-5-0-0-1-1||26500|
14|14||3-5-0-0-1-1||12320|
15|15||3-5-0-0-1-1||146700|
16|16||3-5-0-0-1-1||24640|
17|17||3-5-0-0-1-1||12320|
18|18||3-5-0-0-1-1||200|
19|19||3-5-0-0-1-1||500|
20|20||3-5-0-0-1-1||500|
21|21||3-5-0-0-1-1||12320|
22|22||3-5-0-0-1-1||12320|
23|23||3-5-0-0-1-1||12320|
24|24||3-5-0-0-1-1||12320|
25|25||3-5-0-0-1-1||12420|
26|26||3-5-0-0-1-1||37840|
27|27||3-5-0-0-1-1||12320|
28|28||3-5-0-0-1-1||43700|
29|29||3-5-0-0-1-1||12320|
30|30||3-5-0-0-1-1||36960|
31|31||3-5-0-0-1-1||36400|
32|32||3-5-0-0-1-1||24640|
33|33||3-5-0-0-1-1||24740|
34|34||3-5-0-0-1-1||37060|
35|35||3-5-0-0-1-1||57200|
36|36||3-5-0-0-1-1||57260|
37|37||3-5-0-0-1-1||123700|
38|38||3-5-0-0-1-1||12320|
39|39||3-5-0-0-1-1||49680|
40|40||3-5-0-0-1-1||12320|
41|41||3-5-0-0-1-1||247360|
42|42||3-5-0-0-1-1||4407|
43|43||3-5-0-0-1-1||50700|
44|44||3-5-0-0-1-1||49400|
45|45||3-5-0-0-1-1||12420|
46|46||3-5-0-0-1-1||12320|
47|47||3-5-0-0-1-1||12320|
48|48||3-5-0-0-1-1||12320|
49|49||3-5-0-0-1-1||12320|
50|50||3-5-0-0-1-1||17440|
51|51||3-5-0-0-1-1||60880|
52|52||3-5-0-0-1-1||12320|
53|53||3-5-0-0-1-1||51000|
54|54||3-5-0-0-1-1||12320|
55|55||3-5-0-0-1-1||49280|
56|56||3-5-0-0-1-1||12320|
57|57||3-5-0-0-1-1||105180|
58|58||3-5-0-0-1-1||12320|
59|59||3-5-0-0-1-1||14700|
60|60||3-5-0-0-1-1||12320|
61|61||3-5-0-0-1-1||6200|
62|62||3-5-0-0-1-1||31340|
63|63||3-5-0-0-1-1||15606|
64|64||3-5-0-0-1-1||37760|
65|65||3-5-0-0-1-1||12320|
66|66||3-5-0-0-1-1||330600|
67|67||3-5-0-0-1-1||12320|
68|68||3-5-0-0-1-1||19000|
69|69||3-5-0-0-1-1||18500|
70|70||3-5-0-0-1-1||24640|
71|71||3-5-0-0-1-1||12620|
72|72||3-5-0-0-1-1||12320|
73|73||3-5-0-0-1-1||48300|
74|74||3-5-0-0-1-1||12320|
75|75||3-5-0-0-1-1||250880|
76|76||3-5-0-0-1-1||12320|
77|77||3-5-0-0-1-1||52400|
78|78||3-5-0-0-1-1||24640|
79|79||3-5-0-0-1-1||12620|
80|80||3-5-0-0-1-1||12320|
81|81||3-5-0-0-1-1||12320|
82|82||3-5-0-0-1-1||29000|
83|83||3-5-0-0-1-1||12320|
84|84||3-5-0-0-1-1||26100|
85|85||3-5-0-0-1-1||12320|
86|86||3-5-0-0-1-1||10700|
87|87||3-5-0-0-1-1||3300|
88|88||3-5-0-0-1-1||86655|
89|89||3-5-0-0-1-1||53220|
90|90||3-5-0-0-1-1||61600|
91|91||3-5-0-0-1-1||9044|
92|92||3-5-0-0-1-1||24640|
93|93||3-5-0-0-1-1||12320|
94|94||3-5-0-0-1-1||45300|
95|95||3-5-0-0-1-1||198349|
96|96||3-5-0-0-1-1||50960|
97|97||3-5-0-0-1-1||24640|
98|98||3-5-0-0-1-1||49580|
99|99||3-5-0-0-1-1||295600|
100|100||3-5-0-0-1-1||12320|
101|101||3-5-0-0-1-1||43720|
102|102||3-5-0-0-1-1||12320|
103|103||3-5-0-0-1-1||24640|
104|104||3-5-0-0-1-1||49280|
105|105||3-5-0-0-1-1||29400|
106|106||3-5-0-0-1-1||149628|
107|107||3-5-0-0-1-1||7300|
108|108||3-5-0-0-1-1||113280|
109|109||3-5-0-0-1-1||244180|
110|110||3-5-0-0-1-1||221069|
111|111||3-5-0-0-1-1||12300|
112|112||3-5-0-0-1-1||10845900|
113|113||3-5-0-0-1-1||12400|
114|114||3-5-0-0-1-1||21058000|
115|115||3-5-0-0-1-1||49400|
116|116||3-5-0-0-1-1||175000|
117|117||3-5-0-0-1-1||214100|
118|118||3-5-0-0-1-1||112100|
119|119||3-5-0-0-1-1||6600|
120|120||3-5-0-0-1-1||185040|
121|121||3-5-0-0-1-1||100260|
122|122||3-5-0-0-1-1||3218200|
123|123||3-5-0-0-1-1||984300|
124|124||3-5-0-0-1-1||84000|
125|125||3-5-0-0-1-1||12420|
126|126||3-5-0-0-1-1||36960|
127|127||3-5-0-0-1-1||103346700|
128|128||3-5-0-0-1-1||8646400|
129|129||3-5-0-0-1-1||2055700|
130|130||3-5-0-0-1-1||891900|
131|131||3-5-0-0-1-1||2032500|
132|132||3-5-0-0-1-1||3034700|
133|133||3-5-0-0-1-1||1136900|
134|134||3-5-0-0-1-1||343300|
135|135||3-5-0-0-1-1||450600|
136|136||3-5-0-0-1-1||414100|
137|137||3-5-0-0-1-1||262800|
138|138||3-5-0-0-1-1||1722700|
139|139||3-5-0-0-1-1||172900|
140|140||3-5-0-0-1-1||900|
141|141||3-5-0-0-1-1||3100|
142|142||3-5-0-0-1-1||3100|
143|143||3-5-0-0-1-1||231820|
144|144||3-5-0-0-1-1||24700|
145|145||3-5-0-0-1-1||46800|
146|146||3-5-0-0-1-1||12320|
147|147||3-5-0-0-1-1||12320|
148|148||3-5-0-0-1-1||2644900|
149|149||3-5-0-0-1-1||1964600|
150|150||3-5-0-0-1-1||198200|
151|151||3-5-0-0-1-1||33200|
152|152||3-5-0-0-1-1||3948400|
153|153||3-5-0-0-1-1||250500|
154|154||3-5-0-0-1-1||2399100|
155|155||3-5-0-0-1-1||5041500|
156|156||3-5-0-0-1-1||3153800|
157|157||3-5-0-0-1-1||290400|
158|158||3-5-0-0-1-1||2263500|
159|159||3-5-0-0-1-1||555600|
160|160||3-5-0-0-1-1||1837500|
161|161||3-5-0-0-1-1||16000|
162|162||3-5-0-0-1-1||287020|
163|163||3-5-0-0-1-1||15300|
164|164||3-5-0-0-1-1||57620|
165|165||3-5-0-0-1-1||13900|
166|166||3-5-0-0-1-1||41340|
167|167||3-5-0-0-1-1||130600|
168|168||3-5-0-0-1-1||51200|
169|169||3-5-0-0-1-1||95340|
170|170||3-5-0-0-1-1||36900|
171|171||3-5-0-0-1-1||10638960|
172|172||3-5-0-0-1-1||175540|
173|173||3-5-0-0-1-1||40800|
174|174||3-5-0-0-1-1||38640|
175|175||3-5-0-0-1-1||500|
176|176||3-5-0-0-1-1||142800|
177|177||3-5-0-0-1-1||20100|
178|178||3-5-0-0-1-1||4900|
179|179||3-5-0-0-1-1||459800|
180|180||3-5-0-0-1-1||224000|
181|181||3-5-0-0-1-1||10400|
182|182||3-5-0-0-1-1||12300|
183|183||3-5-0-0-1-1||12300|
184|184||3-5-0-0-1-1||12300|
185|185||3-5-0-0-1-1||50700|
186|186||3-5-0-0-1-1||12300|
187|187||3-5-0-0-1-1||12300|
188|188||3-5-0-0-1-1||24600|
189|189||3-5-0-0-1-1||12300|
190|190||3-5-0-0-1-1||38100|
191|191||3-5-0-0-1-1||12620|
192|192||3-5-0-0-1-1||12300|
193|193||3-5-0-0-1-1||25400|
194|194||3-5-0-0-1-1||49200|
195|195||3-5-0-0-1-1||5500|
196|196||3-5-0-0-1-1||41600|
197|197||3-5-0-0-1-1||38600|
198|198||3-5-0-0-1-1||12300|
199|199||3-5-0-0-1-1||12600|
200|200||3-5-0-0-1-1||50000|
