1|1||3-5-0-0-1-1||140000|
2|2||3-5-0-0-1-1||112100|
3|3||3-5-0-0-1-1||100600|
4|4||3-5-0-0-1-1||12320|
5|5||3-5-0-0-1-1||4798900|
6|6||3-5-0-0-1-1||12320|
7|7||3-5-0-0-1-1||12400|
8|8||3-5-0-0-1-1||302800|
9|9||3-5-0-0-1-1||3080|
10|10||3-5-0-0-1-1||36960|
11|11||3-5-0-0-1-1||61800|
12|12||3-5-0-0-1-1||12420|
13|13||3-5-0-0-1-1||308000|
14|14||3-5-0-0-1-1||12300|
15|15||3-5-0-0-1-1||57320|
16|16||3-5-0-0-1-1||24600|
17|17||3-5-0-0-1-1||12320|
18|18||3-5-0-0-1-1||50800|
19|19||3-5-0-0-1-1||15200|
20|20||3-5-0-0-1-1||2090500|
21|21||3-5-0-0-1-1||167840|
22|22||3-5-0-0-1-1||156900|
23|23||3-5-0-0-1-1||12400|
24|24||3-5-0-0-1-1||119820|
25|25||3-5-0-0-1-1||24740|
26|26||3-5-0-0-1-1||47400|
27|27||3-5-0-0-1-1||249840|
28|28||3-5-0-0-1-1||123200|
29|29||3-5-0-0-1-1||12320|
30|30||3-5-0-0-1-1||167520|
31|31||3-5-0-0-1-1||223360|
32|32||3-5-0-0-1-1||55260|
33|33||3-5-0-0-1-1||127180|
34|34||3-5-0-0-1-1||36300|
35|35||3-5-0-0-1-1||162700|
36|36||3-5-0-0-1-1||88000|
37|37||3-5-0-0-1-1||57000|
38|38||3-5-0-0-1-1||52560|
39|39||3-5-0-0-1-1||12420|
40|40||3-5-0-0-1-1||756000|
41|41||3-5-0-0-1-1||607100|
42|42||3-5-0-0-1-1||177200|
43|43||3-5-0-0-1-1||163800|
44|44||3-5-0-0-1-1||10080|
45|45||3-5-0-0-1-1||1513100|
46|46||3-5-0-0-1-1||13300|
47|47||3-5-0-0-1-1||460000|
48|48||3-5-0-0-1-1||40445|
49|49||3-5-0-0-1-1||12320|
50|50||3-5-0-0-1-1||49380|
51|51||3-5-0-0-1-1||15500|
52|52||3-5-0-0-1-1||12420|
53|53||3-5-0-0-1-1||1500|
54|54||3-5-0-0-1-1||502800|
55|55||3-5-0-0-1-1||1831200|
56|56||3-5-0-0-1-1||12320|
57|57||3-5-0-0-1-1||12320|
58|58||3-5-0-0-1-1||36960|
59|59||3-5-0-0-1-1||12320|
60|60||3-5-0-0-1-1||10700|
61|61||3-5-0-0-1-1||12320|
62|62||3-5-0-0-1-1||90900|
63|63||3-5-0-0-1-1||12320|
64|64||3-5-0-0-1-1||12740|
65|65||3-5-0-0-1-1||75320|
66|66||3-5-0-0-1-1||42100|
67|67||3-5-0-0-1-1||4000|
68|68||3-5-0-0-1-1||12420|
69|69||3-5-0-0-1-1||14000|
70|70||3-5-0-0-1-1||513320|
71|71||3-5-0-0-1-1||146800|
72|72||3-5-0-0-1-1||12320|
73|73||3-5-0-0-1-1||12320|
74|74||3-5-0-0-1-1||12420|
75|75||3-5-0-0-1-1||37060|
76|76||3-5-0-0-1-1||36960|
77|77||3-5-0-0-1-1||233200|
78|78||3-5-0-0-1-1||12320|
79|79||3-5-0-0-1-1||24640|
80|80||3-5-0-0-1-1||12320|
81|81||3-5-0-0-1-1||24640|
82|82||3-5-0-0-1-1||12620|
83|83||3-5-0-0-1-1||21200|
84|84||3-5-0-0-1-1||62100|
85|85||3-5-0-0-1-1||67820|
86|86||3-5-0-0-1-1||24640|
87|87||3-5-0-0-1-1||12420|
88|88||3-5-0-0-1-1||49280|
89|89||3-5-0-0-1-1||3500|
90|90||3-5-0-0-1-1||61700|
91|91||3-5-0-0-1-1||74800|
92|92||3-5-0-0-1-1||24640|
93|93||3-5-0-0-1-1||12320|
94|94||3-5-0-0-1-1||12300|
95|95||3-5-0-0-1-1||12320|
96|96||3-5-0-0-1-1||24640|
97|97||3-5-0-0-1-1||12320|
98|98||3-5-0-0-1-1||22637|
99|99||3-5-0-0-1-1||24640|
100|100||3-5-0-0-1-1||82760|
101|101||3-5-0-0-1-1||308000|
102|102||3-5-0-0-1-1||3270200|
103|103||3-5-0-0-1-1||121800|
104|104||3-5-0-0-1-1||8556300|
105|105||3-5-0-0-1-1||310200|
106|106||3-5-0-0-1-1||1034000|
107|107||3-5-0-0-1-1||31400|
108|108||3-5-0-0-1-1||1240|
109|109||3-5-0-0-1-1||12320|
110|110||3-5-0-0-1-1||51000|
111|111||3-5-0-0-1-1||295040|
112|112||3-5-0-0-1-1||91280|
113|113||3-5-0-0-1-1||3700025|
114|114||3-5-0-0-1-1||152300|
115|115||3-5-0-0-1-1||67700|
116|116||3-5-0-0-1-1||2081300|
117|117||3-5-0-0-1-1||580900|
118|118||3-5-0-0-1-1||259860|
119|119||3-5-0-0-1-1||52980|
120|120||3-5-0-0-1-1||160000|
121|121||3-5-0-0-1-1||176940|
122|122||3-5-0-0-1-1||136020|
123|123||3-5-0-0-1-1||145980|
124|124||3-5-0-0-1-1||24640|
125|125||3-5-0-0-1-1||2631000|
126|126||3-5-0-0-1-1||12420|
127|127||3-5-0-0-1-1||208200|
128|128||3-5-0-0-1-1||68600|
129|129||3-5-0-0-1-1||12320|
130|130||3-5-0-0-1-1||24740|
131|131||3-5-0-0-1-1||6600|
132|132||3-5-0-0-1-1||12420|
133|133||3-5-0-0-1-1||12300|
134|134||3-5-0-0-1-1||737780|
135|135||3-5-0-0-1-1||39538000|
136|136||3-5-0-0-1-1||505200|
137|137||3-5-0-0-1-1||237000|
138|138||3-5-0-0-1-1||160000|
139|139||3-5-0-0-1-1||311000|
140|140||3-5-0-0-1-1||3869400|
141|141||3-5-0-0-1-1||12300|
142|142||3-5-0-0-1-1||128400|
143|143||3-5-0-0-1-1||1864200|
144|144||3-5-0-0-1-1||274100|
145|145||3-5-0-0-1-1||19100|
146|146||3-5-0-0-1-1||12320|
147|147||3-5-0-0-1-1||22680|
148|148||3-5-0-0-1-1||16000|
149|149||3-5-0-0-1-1||556000|
150|150||3-5-0-0-1-1||150000|
151|151||3-5-0-0-1-1||12320|
152|152||3-5-0-0-1-1||34000|
153|153||3-5-0-0-1-1||12420|
154|154||3-5-0-0-1-1||22780|
155|155||3-5-0-0-1-1||12320|
156|156||3-5-0-0-1-1||12320|
157|157||3-5-0-0-1-1||65000|
158|158||3-5-0-0-1-1||12320|
159|159||3-5-0-0-1-1||12320|
160|160||3-5-0-0-1-1||348000|
161|161||3-5-0-0-1-1||36900|
162|162||3-5-0-0-1-1||17800|
163|163||3-5-0-0-1-1||24640|
164|164||3-5-0-0-1-1||10700|
165|165||3-5-0-0-1-1||16000|
166|166||3-5-0-0-1-1||12320|
167|167||3-5-0-0-1-1||96940|
168|168||3-5-0-0-1-1||12320|
169|169||3-5-0-0-1-1||12320|
170|170||3-5-0-0-1-1||106680|
171|171||3-5-0-0-1-1||29420|
172|172||3-5-0-0-1-1||25320|
173|173||3-5-0-0-1-1||800|
174|174||3-5-0-0-1-1||293200|
175|175||3-5-0-0-1-1||234400|
176|176||3-5-0-0-1-1||17760|
177|177||3-5-0-0-1-1||182800|
178|178||3-5-0-0-1-1||47346|
179|179||3-5-0-0-1-1||24640|
180|180||3-5-0-0-1-1||85400|
181|181||3-5-0-0-1-1||37060|
182|182||3-5-0-0-1-1||12300|
183|183||3-5-0-0-1-1||806000|
184|184||3-5-0-0-1-1||140300|
185|185||3-5-0-0-1-1||12420|
186|186||3-5-0-0-1-1||16000|
187|187||3-5-0-0-1-1||12320|
188|188||3-5-0-0-1-1||24640|
189|189||3-5-0-0-1-1||13300|
190|190||3-5-0-0-1-1||12420|
191|191||3-5-0-0-1-1||585400|
192|192||3-5-0-0-1-1||163200|
193|193||3-5-0-0-1-1||16100|
194|194||3-5-0-0-1-1||46400|
195|195||3-5-0-0-1-1||1|
196|196||3-5-0-0-1-1||11340|
197|197||3-5-0-0-1-1||128500|
198|198||3-5-0-0-1-1||154000|
199|199||3-5-0-0-1-1||200600|
200|200||3-5-0-0-1-1||20100|
