1|1||3-5-0-0-1-1||4000|
2|2||3-5-0-0-1-1||260900|
3|3||3-5-0-0-1-1||12320|
4|4||3-5-0-0-1-1||14000|
5|5||3-5-0-0-1-1||32320|
6|6||3-5-0-0-1-1||24740|
7|7||3-5-0-0-1-1||4956200|
8|8||3-5-0-0-1-1||209440|
9|9||3-5-0-0-1-1||214000|
10|10||3-5-0-0-1-1||12840|
11|11||3-5-0-0-1-1||50780|
12|12||3-5-0-0-1-1||12320|
13|13||3-5-0-0-1-1||12320|
14|14||3-5-0-0-1-1||24640|
15|15||3-5-0-0-1-1||12320|
16|16||3-5-0-0-1-1||73020|
17|17||3-5-0-0-1-1||51100|
18|18||3-5-0-0-1-1||12320|
19|19||3-5-0-0-1-1||24740|
20|20||3-5-0-0-1-1||24740|
21|21||3-5-0-0-1-1||12320|
22|22||3-5-0-0-1-1||12320|
23|23||3-5-0-0-1-1||18400|
24|24||3-5-0-0-1-1||26800|
25|25||3-5-0-0-1-1||26300|
26|26||3-5-0-0-1-1||222660|
27|27||3-5-0-0-1-1||12320|
28|28||3-5-0-0-1-1||13500|
29|29||3-5-0-0-1-1||13800|
30|30||3-5-0-0-1-1||12020|
31|31||3-5-0-0-1-1||13220|
32|32||3-5-0-0-1-1||12900|
33|33||3-5-0-0-1-1||131400|
34|34||3-5-0-0-1-1||12320|
35|35||3-5-0-0-1-1||24640|
36|36||3-5-0-0-1-1||36960|
37|37||3-5-0-0-1-1||219200|
38|38||3-5-0-0-1-1||28100|
39|39||3-5-0-0-1-1||38500|
40|40||3-5-0-0-1-1||12620|
41|41||3-5-0-0-1-1||12620|
42|42||3-5-0-0-1-1||12320|
43|43||3-5-0-0-1-1||12320|
44|44||3-5-0-0-1-1||12320|
45|45||3-5-0-0-1-1||12320|
46|46||3-5-0-0-1-1||86240|
47|47||3-5-0-0-1-1||12420|
48|48||3-5-0-0-1-1||24640|
49|49||3-5-0-0-1-1||12320|
50|50||3-5-0-0-1-1||44420|
51|51||3-5-0-0-1-1||29420|
52|52||3-5-0-0-1-1||26840|
53|53||3-5-0-0-1-1||73920|
54|54||3-5-0-0-1-1||12320|
55|55||3-5-0-0-1-1||24640|
56|56||3-5-0-0-1-1||17000|
57|57||3-5-0-0-1-1||12320|
58|58||3-5-0-0-1-1||61600|
59|59||3-5-0-0-1-1||25340|
60|60||3-5-0-0-1-1||49380|
61|61||3-5-0-0-1-1||12320|
62|62||3-5-0-0-1-1||2400|
63|63||3-5-0-0-1-1||2400|
64|64||3-5-0-0-1-1||2500|
65|65||3-5-0-0-1-1||12320|
66|66||3-5-0-0-1-1||12320|
67|67||3-5-0-0-1-1||112900|
68|68||3-5-0-0-1-1||37160|
69|69||3-5-0-0-1-1||11200|
70|70||3-5-0-0-1-1||61600|
71|71||3-5-0-0-1-1||54000|
72|72||3-5-0-0-1-1||71000|
73|73||3-5-0-0-1-1||25340|
74|74||3-5-0-0-1-1||318000|
75|75||3-5-0-0-1-1||10300|
76|76||3-5-0-0-1-1||194260|
77|77||3-5-0-0-1-1||12320|
78|78||3-5-0-0-1-1||381040|
79|79||3-5-0-0-1-1||44640|
80|80||3-5-0-0-1-1||110500|
81|81||3-5-0-0-1-1||12320|
82|82||3-5-0-0-1-1||12320|
83|83||3-5-0-0-1-1||36440|
84|84||3-5-0-0-1-1||6748|
85|85||3-5-0-0-1-1||49900|
86|86||3-5-0-0-1-1||24640|
87|87||3-5-0-0-1-1||36960|
88|88||3-5-0-0-1-1||15400|
89|89||3-5-0-0-1-1||55600|
90|90||3-5-0-0-1-1||12420|
91|91||3-5-0-0-1-1||336300|
92|92||3-5-0-0-1-1||113920|
93|93||3-5-0-0-1-1||12620|
94|94||3-5-0-0-1-1||24640|
95|95||3-5-0-0-1-1||73920|
96|96||3-5-0-0-1-1||102540|
97|97||3-5-0-0-1-1||12320|
98|98||3-5-0-0-1-1||12320|
99|99||3-5-0-0-1-1||12420|
100|100||3-5-0-0-1-1||36320|
101|101||3-5-0-0-1-1||12320|
102|102||3-5-0-0-1-1||12320|
103|103||3-5-0-0-1-1||12320|
104|104||3-5-0-0-1-1||40640|
105|105||3-5-0-0-1-1||12320|
106|106||3-5-0-0-1-1||49791|
107|107||3-5-0-0-1-1||12320|
108|108||3-5-0-0-1-1||25060|
109|109||3-5-0-0-1-1||12320|
110|110||3-5-0-0-1-1||1240|
111|111||3-5-0-0-1-1||12320|
112|112||3-5-0-0-1-1||12320|
113|113||3-5-0-0-1-1||49280|
114|114||3-5-0-0-1-1||416486|
115|115||3-5-0-0-1-1||6200|
116|116||3-5-0-0-1-1||12320|
117|117||3-5-0-0-1-1||24640|
118|118||3-5-0-0-1-1||28320|
119|119||3-5-0-0-1-1||12320|
120|120||3-5-0-0-1-1||49280|
121|121||3-5-0-0-1-1||12320|
122|122||3-5-0-0-1-1||12320|
123|123||3-5-0-0-1-1||28600|
124|124||3-5-0-0-1-1||91980|
125|125||3-5-0-0-1-1||36960|
126|126||3-5-0-0-1-1||24740|
127|127||3-5-0-0-1-1||82460|
128|128||3-5-0-0-1-1||12420|
129|129||3-5-0-0-1-1||259000|
130|130||3-5-0-0-1-1||12420|
131|131||3-5-0-0-1-1||12320|
132|132||3-5-0-0-1-1||128000|
133|133||3-5-0-0-1-1||7500|
134|134||3-5-0-0-1-1||160000|
135|135||3-5-0-0-1-1||1567520|
136|136||3-5-0-0-1-1||443000|
137|137||3-5-0-0-1-1||152100|
138|138||3-5-0-0-1-1||420|
139|139||3-5-0-0-1-1||3120980|
140|140||3-5-0-0-1-1||12340|
141|141||3-5-0-0-1-1||12320|
142|142||3-5-0-0-1-1||17000|
143|143||3-5-0-0-1-1||12320|
144|144||3-5-0-0-1-1||98560|
145|145||3-5-0-0-1-1||20944|
146|146||3-5-0-0-1-1||12320|
147|147||3-5-0-0-1-1||821|
148|148||3-5-0-0-1-1||1200|
149|149||3-5-0-0-1-1||55480|
150|150||3-5-0-0-1-1||12320|
151|151||3-5-0-0-1-1||12400|
152|152||3-5-0-0-1-1||134300|
153|153||3-5-0-0-1-1||5335900|
154|154||3-5-0-0-1-1||405200|
155|155||3-5-0-0-1-1||64700|
156|156||3-5-0-0-1-1||70534400|
157|157||3-5-0-0-1-1||37240|
158|158||3-5-0-0-1-1||521800|
159|159||3-5-0-0-1-1||13000|
160|160||3-5-0-0-1-1||16088700|
161|161||3-5-0-0-1-1||83087900|
162|162||3-5-0-0-1-1||124600|
163|163||3-5-0-0-1-1||12320|
164|164||3-5-0-0-1-1||112100|
165|165||3-5-0-0-1-1||12320|
166|166||3-5-0-0-1-1||286000|
167|167||3-5-0-0-1-1||451500|
168|168||3-5-0-0-1-1||58800|
169|169||3-5-0-0-1-1||144500|
170|170||3-5-0-0-1-1||157200|
171|171||3-5-0-0-1-1||2221900|
172|172||3-5-0-0-1-1||198800|
173|173||3-5-0-0-1-1||149700|
174|174||3-5-0-0-1-1||335640|
175|175||3-5-0-0-1-1||630000|
176|176||3-5-0-0-1-1||1226080|
177|177||3-5-0-0-1-1||1239700|
178|178||3-5-0-0-1-1||1308820|
179|179||3-5-0-0-1-1||272200|
180|180||3-5-0-0-1-1||160000|
181|181||3-5-0-0-1-1||12320|
182|182||3-5-0-0-1-1||420|
183|183||3-5-0-0-1-1||85700|
184|184||3-5-0-0-1-1||327500|
185|185||3-5-0-0-1-1||1909500|
186|186||3-5-0-0-1-1||125000|
187|187||3-5-0-0-1-1||1017500|
188|188||3-5-0-0-1-1||3492760|
189|189||3-5-0-0-1-1||559600|
190|190||3-5-0-0-1-1||77220|
191|191||3-5-0-0-1-1||12320|
192|192||3-5-0-0-1-1||31300|
193|193||3-5-0-0-1-1||116020|
194|194||3-5-0-0-1-1||12320|
195|195||3-5-0-0-1-1||24740|
196|196||3-5-0-0-1-1||75920|
197|197||3-5-0-0-1-1||73920|
198|198||3-5-0-0-1-1||558200|
199|199||3-5-0-0-1-1||12320|
200|200||3-5-0-0-1-1||12920|
