1|1||3-5-0-0-1-1||24740|
2|2||3-5-0-0-1-1||14580|
3|3||3-5-0-0-1-1||12720|
4|4||3-5-0-0-1-1||12420|
5|5||3-5-0-0-1-1||12320|
6|6||3-5-0-0-1-1||12320|
7|7||3-5-0-0-1-1||12320|
8|8||3-5-0-0-1-1||6160|
9|9||3-5-0-0-1-1||793600|
10|10||3-5-0-0-1-1||12320|
11|11||3-5-0-0-1-1||12320|
12|12||3-5-0-0-1-1||82574|
13|13||3-5-0-0-1-1||44640|
14|14||3-5-0-0-1-1||12000|
15|15||3-5-0-0-1-1||49380|
16|16||3-5-0-0-1-1||12320|
17|17||3-5-0-0-1-1||443525|
18|18||3-5-0-0-1-1||12320|
19|19||3-5-0-0-1-1||12320|
20|20||3-5-0-0-1-1||12320|
21|21||3-5-0-0-1-1||177400|
22|22||3-5-0-0-1-1||65500|
23|23||3-5-0-0-1-1||117460|
24|24||3-5-0-0-1-1||67020|
25|25||3-5-0-0-1-1||12400|
26|26||3-5-0-0-1-1||24640|
27|27||3-5-0-0-1-1||1448900|
28|28||3-5-0-0-1-1||31400|
29|29||3-5-0-0-1-1||340200|
30|30||3-5-0-0-1-1||213700|
31|31||3-5-0-0-1-1||4900|
32|32||3-5-0-0-1-1||12320|
33|33||3-5-0-0-1-1||12320|
34|34||3-5-0-0-1-1||12420|
35|35||3-5-0-0-1-1||113020|
36|36||3-5-0-0-1-1||24600|
37|37||3-5-0-0-1-1||14100|
38|38||3-5-0-0-1-1||380000|
39|39||3-5-0-0-1-1||49480|
40|40||3-5-0-0-1-1||2400|
41|41||3-5-0-0-1-1||12420|
42|42||3-5-0-0-1-1||137460|
43|43||3-5-0-0-1-1||360660|
44|44||3-5-0-0-1-1||171400|
45|45||3-5-0-0-1-1||31320|
46|46||3-5-0-0-1-1||361160|
47|47||3-5-0-0-1-1||36960|
48|48||3-5-0-0-1-1||12320|
49|49||3-5-0-0-1-1||24820|
50|50||3-5-0-0-1-1||98440|
51|51||3-5-0-0-1-1||12420|
52|52||3-5-0-0-1-1||280000|
53|53||3-5-0-0-1-1||12320|
54|54||3-5-0-0-1-1||69022|
55|55||3-5-0-0-1-1||73840|
56|56||3-5-0-0-1-1||8824|
57|57||3-5-0-0-1-1||6160|
58|58||3-5-0-0-1-1||12320|
59|59||3-5-0-0-1-1||24640|
60|60||3-5-0-0-1-1||12320|
61|61||3-5-0-0-1-1||24640|
62|62||3-5-0-0-1-1||70620|
63|63||3-5-0-0-1-1||12320|
64|64||3-5-0-0-1-1||31100|
65|65||3-5-0-0-1-1||12320|
66|66||3-5-0-0-1-1||12420|
67|67||3-5-0-0-1-1||262000|
68|68||3-5-0-0-1-1||12320|
69|69||3-5-0-0-1-1||12320|
70|70||3-5-0-0-1-1||78320|
71|71||3-5-0-0-1-1||7542|
72|72||3-5-0-0-1-1||12320|
73|73||3-5-0-0-1-1||12320|
74|74||3-5-0-0-1-1||138929|
75|75||3-5-0-0-1-1||24740|
76|76||3-5-0-0-1-1||12300|
77|77||3-5-0-0-1-1||37260|
78|78||3-5-0-0-1-1||12320|
79|79||3-5-0-0-1-1||12420|
80|80||3-5-0-0-1-1||16000|
81|81||3-5-0-0-1-1||49480|
82|82||3-5-0-0-1-1||24740|
83|83||3-5-0-0-1-1||58200|
84|84||3-5-0-0-1-1||12400|
85|85||3-5-0-0-1-1||12320|
86|86||3-5-0-0-1-1||26320|
87|87||3-5-0-0-1-1||12320|
88|88||3-5-0-0-1-1||12320|
89|89||3-5-0-0-1-1||12320|
90|90||3-5-0-0-1-1||12920|
91|91||3-5-0-0-1-1||85000|
92|92||3-5-0-0-1-1||145840|
93|93||3-5-0-0-1-1||16100|
94|94||3-5-0-0-1-1||1240|
95|95||3-5-0-0-1-1||24740|
96|96||3-5-0-0-1-1||632500|
97|97||3-5-0-0-1-1||24740|
98|98||3-5-0-0-1-1||126000|
99|99||3-5-0-0-1-1||12320|
100|100||3-5-0-0-1-1||381300|
101|101||3-5-0-0-1-1||200000|
102|102||3-5-0-0-1-1||11067|
103|103||3-5-0-0-1-1||12320|
104|104||3-5-0-0-1-1||12320|
105|105||3-5-0-0-1-1||18220|
106|106||3-5-0-0-1-1||21500|
107|107||3-5-0-0-1-1||18300|
108|108||3-5-0-0-1-1||21200|
109|109||3-5-0-0-1-1||16800|
110|110||3-5-0-0-1-1||20800|
111|111||3-5-0-0-1-1||20400|
112|112||3-5-0-0-1-1||19000|
113|113||3-5-0-0-1-1||14800|
114|114||3-5-0-0-1-1||20100|
115|115||3-5-0-0-1-1||19700|
116|116||3-5-0-0-1-1||19300|
117|117||3-5-0-0-1-1||14400|
118|118||3-5-0-0-1-1||17200|
119|119||3-5-0-0-1-1||15400|
120|120||3-5-0-0-1-1||16100|
121|121||3-5-0-0-1-1||16500|
122|122||3-5-0-0-1-1||12420|
123|123||3-5-0-0-1-1||40740|
124|124||3-5-0-0-1-1||12300|
125|125||3-5-0-0-1-1||74742|
126|126||3-5-0-0-1-1||12420|
127|127||3-5-0-0-1-1||12420|
128|128||3-5-0-0-1-1||12320|
129|129||3-5-0-0-1-1||24740|
130|130||3-5-0-0-1-1||69280|
131|131||3-5-0-0-1-1||12320|
132|132||3-5-0-0-1-1||25302|
133|133||3-5-0-0-1-1||840|
134|134||3-5-0-0-1-1||49280|
135|135||3-5-0-0-1-1||21360|
136|136||3-5-0-0-1-1||12320|
137|137||3-5-0-0-1-1||12300|
138|138||3-5-0-0-1-1||12420|
139|139||3-5-0-0-1-1||12320|
140|140||3-5-0-0-1-1||37260|
141|141||3-5-0-0-1-1||25300|
142|142||3-5-0-0-1-1||24640|
143|143||3-5-0-0-1-1||12300|
144|144||3-5-0-0-1-1||24740|
145|145||3-5-0-0-1-1||18480|
146|146||3-5-0-0-1-1||12320|
147|147||3-5-0-0-1-1||12320|
148|148||3-5-0-0-1-1||40800|
149|149||3-5-0-0-1-1||16000|
150|150||3-5-0-0-1-1||86100|
151|151||3-5-0-0-1-1||900|
152|152||3-5-0-0-1-1||21700|
153|153||3-5-0-0-1-1||12320|
154|154||3-5-0-0-1-1||12300|
155|155||3-5-0-0-1-1||19100|
156|156||3-5-0-0-1-1||9515|
157|157||3-5-0-0-1-1||18000|
158|158||3-5-0-0-1-1||15400|
159|159||3-5-0-0-1-1||12420|
160|160||3-5-0-0-1-1||24740|
161|161||3-5-0-0-1-1||12320|
162|162||3-5-0-0-1-1||111180|
163|163||3-5-0-0-1-1||12320|
164|164||3-5-0-0-1-1||920|
165|165||3-5-0-0-1-1||24640|
166|166||3-5-0-0-1-1||14400|
167|167||3-5-0-0-1-1||193800|
168|168||3-5-0-0-1-1||6580|
169|169||3-5-0-0-1-1||36960|
170|170||3-5-0-0-1-1||40500|
171|171||3-5-0-0-1-1||12320|
172|172||3-5-0-0-1-1||24740|
173|173||3-5-0-0-1-1||11100|
174|174||3-5-0-0-1-1||8220|
175|175||3-5-0-0-1-1||12320|
176|176||3-5-0-0-1-1||420|
177|177||3-5-0-0-1-1||12420|
178|178||3-5-0-0-1-1||16100|
179|179||3-5-0-0-1-1||12420|
180|180||3-5-0-0-1-1||12320|
181|181||3-5-0-0-1-1||12620|
182|182||3-5-0-0-1-1||14100|
183|183||3-5-0-0-1-1||12320|
184|184||3-5-0-0-1-1||24640|
185|185||3-5-0-0-1-1||12420|
186|186||3-5-0-0-1-1||274932|
187|187||3-5-0-0-1-1||24740|
188|188||3-5-0-0-1-1||12320|
189|189||3-5-0-0-1-1||12320|
190|190||3-5-0-0-1-1||12420|
191|191||3-5-0-0-1-1||420|
192|192||3-5-0-0-1-1||12320|
193|193||3-5-0-0-1-1||12320|
194|194||3-5-0-0-1-1||24740|
195|195||3-5-0-0-1-1||12320|
196|196||3-5-0-0-1-1||12720|
197|197||3-5-0-0-1-1||24640|
198|198||3-5-0-0-1-1||14400|
199|199||3-5-0-0-1-1||24640|
200|200||3-5-0-0-1-1||12320|
