1|1||3-5-0-0-1-1||633720|
2|2||3-5-0-0-1-1||16900|
3|3||3-5-0-0-1-1||271940|
4|4||3-5-0-0-1-1||358900|
5|5||3-5-0-0-1-1||24640|
6|6||3-5-0-0-1-1||40000|
7|7||3-5-0-0-1-1||2087565|
8|8||3-5-0-0-1-1||11800|
9|9||3-5-0-0-1-1||206240|
10|10||3-5-0-0-1-1||37160|
11|11||3-5-0-0-1-1||80500|
12|12||3-5-0-0-1-1||520|
13|13||3-5-0-0-1-1||30420|
14|14||3-5-0-0-1-1||158500|
15|15||3-5-0-0-1-1||12320|
16|16||3-5-0-0-1-1||12100|
17|17||3-5-0-0-1-1||12320|
18|18||3-5-0-0-1-1||12320|
19|19||3-5-0-0-1-1||28600|
20|20||3-5-0-0-1-1||80460|
21|21||3-5-0-0-1-1||22600|
22|22||3-5-0-0-1-1||128800|
23|23||3-5-0-0-1-1||24640|
24|24||3-5-0-0-1-1||596460|
25|25||3-5-0-0-1-1||20|
26|26||3-5-0-0-1-1||12320|
27|27||3-5-0-0-1-1||12320|
28|28||3-5-0-0-1-1||64840|
29|29||3-5-0-0-1-1||87960|
30|30||3-5-0-0-1-1||865480|
31|31||3-5-0-0-1-1||30320|
32|32||3-5-0-0-1-1||107220|
33|33||3-5-0-0-1-1||13200|
34|34||3-5-0-0-1-1||128200|
35|35||3-5-0-0-1-1||1199500|
36|36||3-5-0-0-1-1||12320|
37|37||3-5-0-0-1-1||12320|
38|38||3-5-0-0-1-1||12320|
39|39||3-5-0-0-1-1||5424500|
40|40||3-5-0-0-1-1||654240|
41|41||3-5-0-0-1-1||6200|
42|42||3-5-0-0-1-1||822|
43|43||3-5-0-0-1-1||80360|
44|44||3-5-0-0-1-1||126000|
45|45||3-5-0-0-1-1||357000|
46|46||3-5-0-0-1-1||12320|
47|47||3-5-0-0-1-1||12320|
48|48||3-5-0-0-1-1||144900|
49|49||3-5-0-0-1-1||200180|
50|50||3-5-0-0-1-1||26500|
51|51||3-5-0-0-1-1||14560|
52|52||3-5-0-0-1-1||116480|
53|53||3-5-0-0-1-1||163100|
54|54||3-5-0-0-1-1||38000|
55|55||3-5-0-0-1-1||24640|
56|56||3-5-0-0-1-1||28355060|
57|57||3-5-0-0-1-1||488020|
58|58||3-5-0-0-1-1||34580|
59|59||3-5-0-0-1-1||12320|
60|60||3-5-0-0-1-1||545740|
61|61||3-5-0-0-1-1||735000|
62|62||3-5-0-0-1-1||65100|
63|63||3-5-0-0-1-1||66880|
64|64||3-5-0-0-1-1||12320|
65|65||3-5-0-0-1-1||163000|
66|66||3-5-0-0-1-1||12400|
67|67||3-5-0-0-1-1||32300|
68|68||3-5-0-0-1-1||112500|
69|69||3-5-0-0-1-1||151800|
70|70||3-5-0-0-1-1||14400|
71|71||3-5-0-0-1-1||98860|
72|72||3-5-0-0-1-1||90030|
73|73||3-5-0-0-1-1||16600|
74|74||3-5-0-0-1-1||12400|
75|75||3-5-0-0-1-1||37160|
76|76||3-5-0-0-1-1||235320|
77|77||3-5-0-0-1-1||12320|
78|78||3-5-0-0-1-1||12320|
79|79||3-5-0-0-1-1||12320|
80|80||3-5-0-0-1-1||62320|
81|81||3-5-0-0-1-1||37060|
82|82||3-5-0-0-1-1||12320|
83|83||3-5-0-0-1-1||12720|
84|84||3-5-0-0-1-1||18000|
85|85||3-5-0-0-1-1||128000|
86|86||3-5-0-0-1-1||140860|
87|87||3-5-0-0-1-1||12320|
88|88||3-5-0-0-1-1||61800|
89|89||3-5-0-0-1-1||9080|
90|90||3-5-0-0-1-1||879440|
91|91||3-5-0-0-1-1||14160|
92|92||3-5-0-0-1-1||37760|
93|93||3-5-0-0-1-1||24640|
94|94||3-5-0-0-1-1||12320|
95|95||3-5-0-0-1-1||297313|
96|96||3-5-0-0-1-1||31247|
97|97||3-5-0-0-1-1||97601|
98|98||3-5-0-0-1-1||12150|
99|99||3-5-0-0-1-1||3700|
100|100||3-5-0-0-1-1||1240|
101|101||3-5-0-0-1-1||100200|
102|102||3-5-0-0-1-1||12320|
103|103||3-5-0-0-1-1||170400|
104|104||3-5-0-0-1-1||12320|
105|105||3-5-0-0-1-1||37000|
106|106||3-5-0-0-1-1||360000|
107|107||3-5-0-0-1-1||61500|
108|108||3-5-0-0-1-1||150531|
109|109||3-5-0-0-1-1||191800|
110|110||3-5-0-0-1-1||218100|
111|111||3-5-0-0-1-1||12320|
112|112||3-5-0-0-1-1||100220|
113|113||3-5-0-0-1-1||7900|
114|114||3-5-0-0-1-1||12320|
115|115||3-5-0-0-1-1||12420|
116|116||3-5-0-0-1-1||12320|
117|117||3-5-0-0-1-1||35000|
118|118||3-5-0-0-1-1||12320|
119|119||3-5-0-0-1-1||24740|
120|120||3-5-0-0-1-1||58760|
121|121||3-5-0-0-1-1||24740|
122|122||3-5-0-0-1-1||12320|
123|123||3-5-0-0-1-1||86540|
124|124||3-5-0-0-1-1||24640|
125|125||3-5-0-0-1-1||36960|
126|126||3-5-0-0-1-1||12320|
127|127||3-5-0-0-1-1||18540|
128|128||3-5-0-0-1-1||3390|
129|129||3-5-0-0-1-1||16428|
130|130||3-5-0-0-1-1||12320|
131|131||3-5-0-0-1-1||7100|
132|132||3-5-0-0-1-1||7000|
133|133||3-5-0-0-1-1||6800|
134|134||3-5-0-0-1-1||12320|
135|135||3-5-0-0-1-1||12320|
136|136||3-5-0-0-1-1||39320|
137|137||3-5-0-0-1-1||420|
138|138||3-5-0-0-1-1||25140|
139|139||3-5-0-0-1-1||12320|
140|140||3-5-0-0-1-1||12720|
141|141||3-5-0-0-1-1||24640|
142|142||3-5-0-0-1-1||420|
143|143||3-5-0-0-1-1||24740|
144|144||3-5-0-0-1-1||12420|
145|145||3-5-0-0-1-1||24740|
146|146||3-5-0-0-1-1||12320|
147|147||3-5-0-0-1-1||56760|
148|148||3-5-0-0-1-1||12320|
149|149||3-5-0-0-1-1||36960|
150|150||3-5-0-0-1-1||36960|
151|151||3-5-0-0-1-1||12320|
152|152||3-5-0-0-1-1||12420|
153|153||3-5-0-0-1-1||12320|
154|154||3-5-0-0-1-1||12320|
155|155||3-5-0-0-1-1||10520|
156|156||3-5-0-0-1-1||61600|
157|157||3-5-0-0-1-1||12420|
158|158||3-5-0-0-1-1||12620|
159|159||3-5-0-0-1-1||12320|
160|160||3-5-0-0-1-1||12420|
161|161||3-5-0-0-1-1||6200|
162|162||3-5-0-0-1-1||14300|
163|163||3-5-0-0-1-1||52271|
164|164||3-5-0-0-1-1||33180|
165|165||3-5-0-0-1-1||3700|
166|166||3-5-0-0-1-1||76320|
167|167||3-5-0-0-1-1||12320|
168|168||3-5-0-0-1-1||33900|
169|169||3-5-0-0-1-1||81600|
170|170||3-5-0-0-1-1||26500|
171|171||3-5-0-0-1-1||400|
172|172||3-5-0-0-1-1||24640|
173|173||3-5-0-0-1-1||12400|
174|174||3-5-0-0-1-1||12320|
175|175||3-5-0-0-1-1||16300|
176|176||3-5-0-0-1-1||24640|
177|177||3-5-0-0-1-1||24640|
178|178||3-5-0-0-1-1||20000|
179|179||3-5-0-0-1-1||469360|
180|180||3-5-0-0-1-1||36960|
181|181||3-5-0-0-1-1||12320|
182|182||3-5-0-0-1-1||4200|
183|183||3-5-0-0-1-1||49280|
184|184||3-5-0-0-1-1||179700|
185|185||3-5-0-0-1-1||32320|
186|186||3-5-0-0-1-1||12800|
187|187||3-5-0-0-1-1||24740|
188|188||3-5-0-0-1-1||37740|
189|189||3-5-0-0-1-1||48620|
190|190||3-5-0-0-1-1||50100|
191|191||3-5-0-0-1-1||43200|
192|192||3-5-0-0-1-1||28000|
193|193||3-5-0-0-1-1||48640|
194|194||3-5-0-0-1-1||13040|
195|195||3-5-0-0-1-1||14600|
196|196||3-5-0-0-1-1||12320|
197|197||3-5-0-0-1-1||3100|
198|198||3-5-0-0-1-1||33100|
199|199||3-5-0-0-1-1||12320|
200|200||3-5-0-0-1-1||12320|
