1|1||3-5-0-0-1-1||24640|
2|2||3-5-0-0-1-1||68720|
3|3||3-5-0-0-1-1||24640|
4|4||3-5-0-0-1-1||16800|
5|5||3-5-0-0-1-1||5442|
6|6||3-5-0-0-1-1||12320|
7|7||3-5-0-0-1-1||214520|
8|8||3-5-0-0-1-1||117600|
9|9||3-5-0-0-1-1||84500|
10|10||3-5-0-0-1-1||12320|
11|11||3-5-0-0-1-1||24640|
12|12||3-5-0-0-1-1||98560|
13|13||3-5-0-0-1-1||55900|
14|14||3-5-0-0-1-1||27740|
15|15||3-5-0-0-1-1||12320|
16|16||3-5-0-0-1-1||24640|
17|17||3-5-0-0-1-1||24740|
18|18||3-5-0-0-1-1||17300|
19|19||3-5-0-0-1-1||20000|
20|20||3-5-0-0-1-1||6200|
21|21||3-5-0-0-1-1||37060|
22|22||3-5-0-0-1-1||12320|
23|23||3-5-0-0-1-1||12320|
24|24||3-5-0-0-1-1||36960|
25|25||3-5-0-0-1-1||49480|
26|26||3-5-0-0-1-1||55100|
27|27||3-5-0-0-1-1||52820|
28|28||3-5-0-0-1-1||12320|
29|29||3-5-0-0-1-1||12320|
30|30||3-5-0-0-1-1||50900|
31|31||3-5-0-0-1-1||12320|
32|32||3-5-0-0-1-1||58700|
33|33||3-5-0-0-1-1||123200|
34|34||3-5-0-0-1-1||33200|
35|35||3-5-0-0-1-1||52440|
36|36||3-5-0-0-1-1||67300|
37|37||3-5-0-0-1-1||19100|
38|38||3-5-0-0-1-1||19640|
39|39||3-5-0-0-1-1||141500|
40|40||3-5-0-0-1-1||131700|
41|41||3-5-0-0-1-1||12420|
42|42||3-5-0-0-1-1||32320|
43|43||3-5-0-0-1-1||99160|
44|44||3-5-0-0-1-1||49280|
45|45||3-5-0-0-1-1||113600|
46|46||3-5-0-0-1-1||4107|
47|47||3-5-0-0-1-1||12320|
48|48||3-5-0-0-1-1||24740|
49|49||3-5-0-0-1-1||12320|
50|50||3-5-0-0-1-1||48460|
51|51||3-5-0-0-1-1||11080|
52|52||3-5-0-0-1-1||12400|
53|53||3-5-0-0-1-1||12420|
54|54||3-5-0-0-1-1||12320|
55|55||3-5-0-0-1-1||30820|
56|56||3-5-0-0-1-1||12300|
57|57||3-5-0-0-1-1||43100|
58|58||3-5-0-0-1-1||12300|
59|59||3-5-0-0-1-1||5060|
60|60||3-5-0-0-1-1||12320|
61|61||3-5-0-0-1-1||12620|
62|62||3-5-0-0-1-1||3080|
63|63||3-5-0-0-1-1||12520|
64|64||3-5-0-0-1-1||12320|
65|65||3-5-0-0-1-1||86240|
66|66||3-5-0-0-1-1||49280|
67|67||3-5-0-0-1-1||12320|
68|68||3-5-0-0-1-1||6200|
69|69||3-5-0-0-1-1||18820|
70|70||3-5-0-0-1-1||24740|
71|71||3-5-0-0-1-1||27140|
72|72||3-5-0-0-1-1||18520|
73|73||3-5-0-0-1-1||34100|
74|74||3-5-0-0-1-1||175460|
75|75||3-5-0-0-1-1||24640|
76|76||3-5-0-0-1-1||12320|
77|77||3-5-0-0-1-1||12320|
78|78||3-5-0-0-1-1||14800|
79|79||3-5-0-0-1-1||24640|
80|80||3-5-0-0-1-1||12320|
81|81||3-5-0-0-1-1||25440|
82|82||3-5-0-0-1-1||24640|
83|83||3-5-0-0-1-1||12320|
84|84||3-5-0-0-1-1||24640|
85|85||3-5-0-0-1-1||66500|
86|86||3-5-0-0-1-1||12720|
87|87||3-5-0-0-1-1||12320|
88|88||3-5-0-0-1-1||40400|
89|89||3-5-0-0-1-1||30500|
90|90||3-5-0-0-1-1||26540|
91|91||3-5-0-0-1-1||25940|
92|92||3-5-0-0-1-1||12320|
93|93||3-5-0-0-1-1||26600|
94|94||3-5-0-0-1-1||793844|
95|95||3-5-0-0-1-1||24762|
96|96||3-5-0-0-1-1||244460|
97|97||3-5-0-0-1-1||247400|
98|98||3-5-0-0-1-1||800|
99|99||3-5-0-0-1-1||90640|
100|100||3-5-0-0-1-1||150200|
101|101||3-5-0-0-1-1||123700|
102|102||3-5-0-0-1-1||276960|
103|103||3-5-0-0-1-1||64000|
104|104||3-5-0-0-1-1||24740|
105|105||3-5-0-0-1-1||74200|
106|106||3-5-0-0-1-1||553037|
107|107||3-5-0-0-1-1||98400|
108|108||3-5-0-0-1-1||562780|
109|109||3-5-0-0-1-1||241500|
110|110||3-5-0-0-1-1||49480|
111|111||3-5-0-0-1-1||2351611|
112|112||3-5-0-0-1-1||70740|
113|113||3-5-0-0-1-1||813340|
114|114||3-5-0-0-1-1||24640|
115|115||3-5-0-0-1-1||24640|
116|116||3-5-0-0-1-1||36960|
117|117||3-5-0-0-1-1||425180|
118|118||3-5-0-0-1-1||1638560|
119|119||3-5-0-0-1-1||12320|
120|120||3-5-0-0-1-1||465700|
121|121||3-5-0-0-1-1||37900|
122|122||3-5-0-0-1-1||12420|
123|123||3-5-0-0-1-1||129200|
124|124||3-5-0-0-1-1||12320|
125|125||3-5-0-0-1-1||149000|
126|126||3-5-0-0-1-1||63700|
127|127||3-5-0-0-1-1||12420|
128|128||3-5-0-0-1-1||944220|
129|129||3-5-0-0-1-1||12676700|
130|130||3-5-0-0-1-1||12300|
131|131||3-5-0-0-1-1||35740|
132|132||3-5-0-0-1-1||24640|
133|133||3-5-0-0-1-1||400|
134|134||3-5-0-0-1-1||2154305|
135|135||3-5-0-0-1-1||2880|
136|136||3-5-0-0-1-1||211400|
137|137||3-5-0-0-1-1||1089200|
138|138||3-5-0-0-1-1||143520|
139|139||3-5-0-0-1-1||133340|
140|140||3-5-0-0-1-1||30950|
141|141||3-5-0-0-1-1||979820|
142|142||3-5-0-0-1-1||11686840|
143|143||3-5-0-0-1-1||373180|
144|144||3-5-0-0-1-1||161880|
145|145||3-5-0-0-1-1||37260|
146|146||3-5-0-0-1-1||24740|
147|147||3-5-0-0-1-1||200500|
148|148||3-5-0-0-1-1||24740|
149|149||3-5-0-0-1-1||36960|
150|150||3-5-0-0-1-1||52700|
151|151||3-5-0-0-1-1||12320|
152|152||3-5-0-0-1-1||200|
153|153||3-5-0-0-1-1||15320|
154|154||3-5-0-0-1-1||12320|
155|155||3-5-0-0-1-1||12320|
156|156||3-5-0-0-1-1||134800|
157|157||3-5-0-0-1-1||588486|
158|158||3-5-0-0-1-1||123200|
159|159||3-5-0-0-1-1||24640|
160|160||3-5-0-0-1-1||12320|
161|161||3-5-0-0-1-1||166360|
162|162||3-5-0-0-1-1||49280|
163|163||3-5-0-0-1-1||24640|
164|164||3-5-0-0-1-1||69120|
165|165||3-5-0-0-1-1||23000|
166|166||3-5-0-0-1-1||11800|
167|167||3-5-0-0-1-1||62240|
168|168||3-5-0-0-1-1||24640|
169|169||3-5-0-0-1-1||79520|
170|170||3-5-0-0-1-1||10500|
171|171||3-5-0-0-1-1||12800|
172|172||3-5-0-0-1-1||75820|
173|173||3-5-0-0-1-1||134720|
174|174||3-5-0-0-1-1||13907847|
175|175||3-5-0-0-1-1||135263|
176|176||3-5-0-0-1-1||95600|
177|177||3-5-0-0-1-1||12320|
178|178||3-5-0-0-1-1||100060|
179|179||3-5-0-0-1-1||7288500|
180|180||3-5-0-0-1-1||36960|
181|181||3-5-0-0-1-1||107540|
182|182||3-5-0-0-1-1||23200|
183|183||3-5-0-0-1-1||4566200|
184|184||3-5-0-0-1-1||24600|
185|185||3-5-0-0-1-1||12320|
186|186||3-5-0-0-1-1||420|
187|187||3-5-0-0-1-1||683600|
188|188||3-5-0-0-1-1||61600|
189|189||3-5-0-0-1-1||88644|
190|190||3-5-0-0-1-1||95480|
191|191||3-5-0-0-1-1||34600|
192|192||3-5-0-0-1-1||117260|
193|193||3-5-0-0-1-1||375600|
194|194||3-5-0-0-1-1||52100|
195|195||3-5-0-0-1-1||630|
196|196||3-5-0-0-1-1||12320|
197|197||3-5-0-0-1-1||373300|
198|198||3-5-0-0-1-1||1297660|
199|199||3-5-0-0-1-1||86240|
200|200||3-5-0-0-1-1||16000|
