1|1||3-5-0-0-1-1||8661700|
2|2||3-5-0-0-1-1||36940|
3|3||3-5-0-0-1-1||18000|
4|4||3-5-0-0-1-1||154200|
5|5||3-5-0-0-1-1||64200|
6|6||3-5-0-0-1-1||5300|
7|7||3-5-0-0-1-1||775600|
8|8||3-5-0-0-1-1||20|
9|9||3-5-0-0-1-1||320000|
10|10||3-5-0-0-1-1||12320|
11|11||3-5-0-0-1-1||147127|
12|12||3-5-0-0-1-1||12320|
13|13||3-5-0-0-1-1||125500|
14|14||3-5-0-0-1-1||591600|
15|15||3-5-0-0-1-1||84580|
16|16||3-5-0-0-1-1||1204600|
17|17||3-5-0-0-1-1||8587800|
18|18||3-5-0-0-1-1||36960|
19|19||3-5-0-0-1-1||80448700|
20|20||3-5-0-0-1-1||5230|
21|21||3-5-0-0-1-1||88560|
22|22||3-5-0-0-1-1||120500|
23|23||3-5-0-0-1-1||1131700|
24|24||3-5-0-0-1-1||464000|
25|25||3-5-0-0-1-1||3326100|
26|26||3-5-0-0-1-1||12920|
27|27||3-5-0-0-1-1||5625880|
28|28||3-5-0-0-1-1||127600|
29|29||3-5-0-0-1-1||124500|
30|30||3-5-0-0-1-1||200500|
31|31||3-5-0-0-1-1||12320|
32|32||3-5-0-0-1-1||14347600|
33|33||3-5-0-0-1-1||315720|
34|34||3-5-0-0-1-1||308000|
35|35||3-5-0-0-1-1||45180|
36|36||3-5-0-0-1-1||3780|
37|37||3-5-0-0-1-1||105|
38|38||3-5-0-0-1-1||13960|
39|39||3-5-0-0-1-1||24740|
40|40||3-5-0-0-1-1||175480|
41|41||3-5-0-0-1-1||12320|
42|42||3-5-0-0-1-1||24740|
43|43||3-5-0-0-1-1||420|
44|44||3-5-0-0-1-1||12320|
45|45||3-5-0-0-1-1||14100|
46|46||3-5-0-0-1-1||12620|
47|47||3-5-0-0-1-1||12320|
48|48||3-5-0-0-1-1||980|
49|49||3-5-0-0-1-1||12420|
50|50||3-5-0-0-1-1||12320|
51|51||3-5-0-0-1-1||420|
52|52||3-5-0-0-1-1||12320|
53|53||3-5-0-0-1-1||18600|
54|54||3-5-0-0-1-1||12720|
55|55||3-5-0-0-1-1||12320|
56|56||3-5-0-0-1-1||275880|
57|57||3-5-0-0-1-1||420|
58|58||3-5-0-0-1-1||12420|
59|59||3-5-0-0-1-1||286000|
60|60||3-5-0-0-1-1||198000|
61|61||3-5-0-0-1-1||12320|
62|62||3-5-0-0-1-1||28240|
63|63||3-5-0-0-1-1||24580|
64|64||3-5-0-0-1-1||28747|
65|65||3-5-0-0-1-1||12320|
66|66||3-5-0-0-1-1||115780|
67|67||3-5-0-0-1-1||16120|
68|68||3-5-0-0-1-1||14780|
69|69||3-5-0-0-1-1||32420|
70|70||3-5-0-0-1-1||44140|
71|71||3-5-0-0-1-1||88240|
72|72||3-5-0-0-1-1||22700|
73|73||3-5-0-0-1-1||602920|
74|74||3-5-0-0-1-1||653060|
75|75||3-5-0-0-1-1||353780|
76|76||3-5-0-0-1-1||340560|
77|77||3-5-0-0-1-1||32100|
78|78||3-5-0-0-1-1||12320|
79|79||3-5-0-0-1-1||141860|
80|80||3-5-0-0-1-1||120560|
81|81||3-5-0-0-1-1||11440|
82|82||3-5-0-0-1-1||200000|
83|83||3-5-0-0-1-1||140000|
84|84||3-5-0-0-1-1||12420|
85|85||3-5-0-0-1-1||12320|
86|86||3-5-0-0-1-1||170000|
87|87||3-5-0-0-1-1||6100|
88|88||3-5-0-0-1-1||2272100|
89|89||3-5-0-0-1-1||528260|
90|90||3-5-0-0-1-1||215700|
91|91||3-5-0-0-1-1||12320|
92|92||3-5-0-0-1-1||18000|
93|93||3-5-0-0-1-1||200000|
94|94||3-5-0-0-1-1||12420|
95|95||3-5-0-0-1-1||381100|
96|96||3-5-0-0-1-1||235243|
97|97||3-5-0-0-1-1||61800|
98|98||3-5-0-0-1-1||12320|
99|99||3-5-0-0-1-1||23780|
100|100||3-5-0-0-1-1||244500|
101|101||3-5-0-0-1-1||61900|
102|102||3-5-0-0-1-1||15000|
103|103||3-5-0-0-1-1||97000|
104|104||3-5-0-0-1-1||12320|
105|105||3-5-0-0-1-1||42098935|
106|106||3-5-0-0-1-1||51440|
107|107||3-5-0-0-1-1||39900|
108|108||3-5-0-0-1-1||196000|
109|109||3-5-0-0-1-1||31620|
110|110||3-5-0-0-1-1||12500|
111|111||3-5-0-0-1-1||91640|
112|112||3-5-0-0-1-1||206960|
113|113||3-5-0-0-1-1||67160|
114|114||3-5-0-0-1-1||47120|
115|115||3-5-0-0-1-1||52000|
116|116||3-5-0-0-1-1||64400|
117|117||3-5-0-0-1-1||22100|
118|118||3-5-0-0-1-1||65620|
119|119||3-5-0-0-1-1||79000|
120|120||3-5-0-0-1-1||136000|
121|121||3-5-0-0-1-1||88260|
122|122||3-5-0-0-1-1||12320|
123|123||3-5-0-0-1-1||43800|
124|124||3-5-0-0-1-1||43440|
125|125||3-5-0-0-1-1||44400|
126|126||3-5-0-0-1-1||45200|
127|127||3-5-0-0-1-1||46300|
128|128||3-5-0-0-1-1||44400|
129|129||3-5-0-0-1-1||1312860|
130|130||3-5-0-0-1-1||613063|
131|131||3-5-0-0-1-1||5674320|
132|132||3-5-0-0-1-1||234420|
133|133||3-5-0-0-1-1||1407700|
134|134||3-5-0-0-1-1||187040|
135|135||3-5-0-0-1-1||66200|
136|136||3-5-0-0-1-1||27000|
137|137||3-5-0-0-1-1||67600|
138|138||3-5-0-0-1-1||28800|
139|139||3-5-0-0-1-1||728140|
140|140||3-5-0-0-1-1||10080|
141|141||3-5-0-0-1-1||19740|
142|142||3-5-0-0-1-1||1952700|
143|143||3-5-0-0-1-1||385120|
144|144||3-5-0-0-1-1||26220|
145|145||3-5-0-0-1-1||78440|
146|146||3-5-0-0-1-1||214100|
147|147||3-5-0-0-1-1||49280|
148|148||3-5-0-0-1-1||638300|
149|149||3-5-0-0-1-1||126200|
150|150||3-5-0-0-1-1||168880|
151|151||3-5-0-0-1-1||328740|
152|152||3-5-0-0-1-1||24740|
153|153||3-5-0-0-1-1||502700|
154|154||3-5-0-0-1-1||819400|
155|155||3-5-0-0-1-1||378900|
156|156||3-5-0-0-1-1||24640|
157|157||3-5-0-0-1-1||464100|
158|158||3-5-0-0-1-1||148340|
159|159||3-5-0-0-1-1||12300|
160|160||3-5-0-0-1-1||86600|
161|161||3-5-0-0-1-1||461940|
162|162||3-5-0-0-1-1||379600|
163|163||3-5-0-0-1-1||66516|
164|164||3-5-0-0-1-1||63680|
165|165||3-5-0-0-1-1||12320|
166|166||3-5-0-0-1-1||505740|
167|167||3-5-0-0-1-1||215040|
168|168||3-5-0-0-1-1||271040|
169|169||3-5-0-0-1-1||77400|
170|170||3-5-0-0-1-1||175320|
171|171||3-5-0-0-1-1||277620|
172|172||3-5-0-0-1-1||127280|
173|173||3-5-0-0-1-1||12320|
174|174||3-5-0-0-1-1||24640|
175|175||3-5-0-0-1-1||61800|
176|176||3-5-0-0-1-1||25240|
177|177||3-5-0-0-1-1||5900|
178|178||3-5-0-0-1-1||13300|
179|179||3-5-0-0-1-1||6300|
180|180||3-5-0-0-1-1||260389|
181|181||3-5-0-0-1-1||18000|
182|182||3-5-0-0-1-1||12620|
183|183||3-5-0-0-1-1||3100|
184|184||3-5-0-0-1-1||18580|
185|185||3-5-0-0-1-1||12320|
186|186||3-5-0-0-1-1||437980|
187|187||3-5-0-0-1-1||14000|
188|188||3-5-0-0-1-1||24640|
189|189||3-5-0-0-1-1||170500|
190|190||3-5-0-0-1-1||24640|
191|191||3-5-0-0-1-1||24640|
192|192||3-5-0-0-1-1||6300|
193|193||3-5-0-0-1-1||186460|
194|194||3-5-0-0-1-1||12320|
195|195||3-5-0-0-1-1||12320|
196|196||3-5-0-0-1-1||16000|
197|197||3-5-0-0-1-1||26400|
198|198||3-5-0-0-1-1||24640|
199|199||3-5-0-0-1-1||12420|
200|200||3-5-0-0-1-1||3100|
