1|1||3-5-0-0-1-1||5800|
2|2||3-5-0-0-1-1||1240|
3|3||3-5-0-0-1-1||12320|
4|4||3-5-0-0-1-1||10938|
5|5||3-5-0-0-1-1||4000|
6|6||3-5-0-0-1-1||73360|
7|7||3-5-0-0-1-1||12320|
8|8||3-5-0-0-1-1||12320|
9|9||3-5-0-0-1-1||12720|
10|10||3-5-0-0-1-1||197320|
11|11||3-5-0-0-1-1||12320|
12|12||3-5-0-0-1-1||12320|
13|13||3-5-0-0-1-1||73920|
14|14||3-5-0-0-1-1||12320|
15|15||3-5-0-0-1-1||12320|
16|16||3-5-0-0-1-1||12320|
17|17||3-5-0-0-1-1||24740|
18|18||3-5-0-0-1-1||12320|
19|19||3-5-0-0-1-1||12800|
20|20||3-5-0-0-1-1||29320|
21|21||3-5-0-0-1-1||12320|
22|22||3-5-0-0-1-1||12320|
23|23||3-5-0-0-1-1||49280|
24|24||3-5-0-0-1-1||73920|
25|25||3-5-0-0-1-1||12320|
26|26||3-5-0-0-1-1||12320|
27|27||3-5-0-0-1-1||36900|
28|28||3-5-0-0-1-1||4000|
29|29||3-5-0-0-1-1||199600|
30|30||3-5-0-0-1-1||26283|
31|31||3-5-0-0-1-1||12320|
32|32||3-5-0-0-1-1||200|
33|33||3-5-0-0-1-1||392100|
34|34||3-5-0-0-1-1||2856700|
35|35||3-5-0-0-1-1||306400|
36|36||3-5-0-0-1-1||12320|
37|37||3-5-0-0-1-1||112100|
38|38||3-5-0-0-1-1||174400|
39|39||3-5-0-0-1-1||243400|
40|40||3-5-0-0-1-1||12420|
41|41||3-5-0-0-1-1||3784000|
42|42||3-5-0-0-1-1||3300|
43|43||3-5-0-0-1-1||12320|
44|44||3-5-0-0-1-1||143500|
45|45||3-5-0-0-1-1||112100|
46|46||3-5-0-0-1-1||14300|
47|47||3-5-0-0-1-1||48900|
48|48||3-5-0-0-1-1||33700|
49|49||3-5-0-0-1-1||40800|
50|50||3-5-0-0-1-1||40300|
51|51||3-5-0-0-1-1||42700|
52|52||3-5-0-0-1-1||20400|
53|53||3-5-0-0-1-1||42900|
54|54||3-5-0-0-1-1||9900|
55|55||3-5-0-0-1-1||10200|
56|56||3-5-0-0-1-1||23300|
57|57||3-5-0-0-1-1||35300|
58|58||3-5-0-0-1-1||168000|
59|59||3-5-0-0-1-1||13200|
60|60||3-5-0-0-1-1||12300|
61|61||3-5-0-0-1-1||70700|
62|62||3-5-0-0-1-1||12320|
63|63||3-5-0-0-1-1||24820|
64|64||3-5-0-0-1-1||24640|
65|65||3-5-0-0-1-1||12320|
66|66||3-5-0-0-1-1||24600|
67|67||3-5-0-0-1-1||400|
68|68||3-5-0-0-1-1||400|
69|69||3-5-0-0-1-1||24740|
70|70||3-5-0-0-1-1||600|
71|71||3-5-0-0-1-1||479100|
72|72||3-5-0-0-1-1||140000|
73|73||3-5-0-0-1-1||1021420|
74|74||3-5-0-0-1-1||12320|
75|75||3-5-0-0-1-1||16200|
76|76||3-5-0-0-1-1||18000|
77|77||3-5-0-0-1-1||6200|
78|78||3-5-0-0-1-1||84420|
79|79||3-5-0-0-1-1||1179220|
80|80||3-5-0-0-1-1||49500|
81|81||3-5-0-0-1-1||12400|
82|82||3-5-0-0-1-1||1095600|
83|83||3-5-0-0-1-1||51780|
84|84||3-5-0-0-1-1||3120|
85|85||3-5-0-0-1-1||12400|
86|86||3-5-0-0-1-1||13200|
87|87||3-5-0-0-1-1||202640|
88|88||3-5-0-0-1-1||125400|
89|89||3-5-0-0-1-1||272060|
90|90||3-5-0-0-1-1||400|
91|91||3-5-0-0-1-1||63680|
92|92||3-5-0-0-1-1||12300|
93|93||3-5-0-0-1-1||12320|
94|94||3-5-0-0-1-1||800|
95|95||3-5-0-0-1-1||1366500|
96|96||3-5-0-0-1-1||336|
97|97||3-5-0-0-1-1||1040800|
98|98||3-5-0-0-1-1||122940|
99|99||3-5-0-0-1-1||5076700|
100|100||3-5-0-0-1-1||24700|
101|101||3-5-0-0-1-1||52960|
102|102||3-5-0-0-1-1||200|
103|103||3-5-0-0-1-1||720791|
104|104||3-5-0-0-1-1||3647080|
105|105||3-5-0-0-1-1||359200|
106|106||3-5-0-0-1-1||25060|
107|107||3-5-0-0-1-1||1766400|
108|108||3-5-0-0-1-1||241020|
109|109||3-5-0-0-1-1||13700|
110|110||3-5-0-0-1-1||24640|
111|111||3-5-0-0-1-1||307800|
112|112||3-5-0-0-1-1||16300|
113|113||3-5-0-0-1-1||61500|
114|114||3-5-0-0-1-1||12320|
115|115||3-5-0-0-1-1||6200|
116|116||3-5-0-0-1-1||26100|
117|117||3-5-0-0-1-1||263300|
118|118||3-5-0-0-1-1||25100|
119|119||3-5-0-0-1-1||37200|
120|120||3-5-0-0-1-1||1553900|
121|121||3-5-0-0-1-1||12300|
122|122||3-5-0-0-1-1||82800|
123|123||3-5-0-0-1-1||160000|
124|124||3-5-0-0-1-1||149700|
125|125||3-5-0-0-1-1||12000|
126|126||3-5-0-0-1-1||12420|
127|127||3-5-0-0-1-1||57020|
128|128||3-5-0-0-1-1||568320|
129|129||3-5-0-0-1-1||960000|
130|130||3-5-0-0-1-1||16600|
131|131||3-5-0-0-1-1||12600|
132|132||3-5-0-0-1-1||12300|
133|133||3-5-0-0-1-1||141400|
134|134||3-5-0-0-1-1||44200|
135|135||3-5-0-0-1-1||300|
136|136||3-5-0-0-1-1||300|
137|137||3-5-0-0-1-1||1027|
138|138||3-5-0-0-1-1||339720|
139|139||3-5-0-0-1-1||12320|
140|140||3-5-0-0-1-1||338600|
141|141||3-5-0-0-1-1||288400|
142|142||3-5-0-0-1-1||400|
143|143||3-5-0-0-1-1||52560|
144|144||3-5-0-0-1-1||950700|
145|145||3-5-0-0-1-1||102000|
146|146||3-5-0-0-1-1||2556500|
147|147||3-5-0-0-1-1||18300|
148|148||3-5-0-0-1-1||177460|
149|149||3-5-0-0-1-1||11799800|
150|150||3-5-0-0-1-1||46312|
151|151||3-5-0-0-1-1||386100|
152|152||3-5-0-0-1-1||150000|
153|153||3-5-0-0-1-1||40340|
154|154||3-5-0-0-1-1||241720|
155|155||3-5-0-0-1-1||31800|
156|156||3-5-0-0-1-1||226002|
157|157||3-5-0-0-1-1||251330|
158|158||3-5-0-0-1-1||21840|
159|159||3-5-0-0-1-1||126760|
160|160||3-5-0-0-1-1||220949700|
161|161||3-5-0-0-1-1||28000|
162|162||3-5-0-0-1-1||24800|
163|163||3-5-0-0-1-1||6200|
164|164||3-5-0-0-1-1||6400|
165|165||3-5-0-0-1-1||408800|
166|166||3-5-0-0-1-1||103100|
167|167||3-5-0-0-1-1||12600|
168|168||3-5-0-0-1-1||72300|
169|169||3-5-0-0-1-1||55000|
170|170||3-5-0-0-1-1||55800|
171|171||3-5-0-0-1-1||6200|
172|172||3-5-0-0-1-1||263400|
173|173||3-5-0-0-1-1||430100|
174|174||3-5-0-0-1-1||309400|
175|175||3-5-0-0-1-1||422400|
176|176||3-5-0-0-1-1||503900|
177|177||3-5-0-0-1-1||348400|
178|178||3-5-0-0-1-1||388400|
179|179||3-5-0-0-1-1||464600|
180|180||3-5-0-0-1-1||439600|
181|181||3-5-0-0-1-1||3900|
182|182||3-5-0-0-1-1||3900|
183|183||3-5-0-0-1-1||43700|
184|184||3-5-0-0-1-1||52800|
185|185||3-5-0-0-1-1||37500|
186|186||3-5-0-0-1-1||7800|
187|187||3-5-0-0-1-1||12320|
188|188||3-5-0-0-1-1||30840|
189|189||3-5-0-0-1-1||36120|
190|190||3-5-0-0-1-1||12320|
191|191||3-5-0-0-1-1||87600|
192|192||3-5-0-0-1-1||12320|
193|193||3-5-0-0-1-1||49100|
194|194||3-5-0-0-1-1||19600|
195|195||3-5-0-0-1-1||18600|
196|196||3-5-0-0-1-1||24640|
197|197||3-5-0-0-1-1||26000|
198|198||3-5-0-0-1-1||44240|
199|199||3-5-0-0-1-1||65700|
200|200||3-5-0-0-1-1||12300|
