1|1||3-5-0-0-1-1||37000|
2|2||3-5-0-0-1-1||37000|
3|3||3-5-0-0-1-1||12320|
4|4||3-5-0-0-1-1||33820|
5|5||3-5-0-0-1-1||15660|
6|6||3-5-0-0-1-1||34000|
7|7||3-5-0-0-1-1||147880|
8|8||3-5-0-0-1-1||487880|
9|9||3-5-0-0-1-1||12320|
10|10||3-5-0-0-1-1||3746200|
11|11||3-5-0-0-1-1||6200|
12|12||3-5-0-0-1-1||12620|
13|13||3-5-0-0-1-1||25120|
14|14||3-5-0-0-1-1||12420|
15|15||3-5-0-0-1-1||24640|
16|16||3-5-0-0-1-1||15600|
17|17||3-5-0-0-1-1||158240|
18|18||3-5-0-0-1-1||14400|
19|19||3-5-0-0-1-1||25920|
20|20||3-5-0-0-1-1||16100|
21|21||3-5-0-0-1-1||12400|
22|22||3-5-0-0-1-1||253000|
23|23||3-5-0-0-1-1||21400|
24|24||3-5-0-0-1-1||68400|
25|25||3-5-0-0-1-1||503200|
26|26||3-5-0-0-1-1||437900|
27|27||3-5-0-0-1-1||277300|
28|28||3-5-0-0-1-1||402000|
29|29||3-5-0-0-1-1||51200|
30|30||3-5-0-0-1-1||6721100|
31|31||3-5-0-0-1-1||156200|
32|32||3-5-0-0-1-1||4315000|
33|33||3-5-0-0-1-1||229800|
34|34||3-5-0-0-1-1||789000|
35|35||3-5-0-0-1-1||1380300|
36|36||3-5-0-0-1-1||24640|
37|37||3-5-0-0-1-1||14600|
38|38||3-5-0-0-1-1||10820|
39|39||3-5-0-0-1-1||1648200|
40|40||3-5-0-0-1-1||194400|
41|41||3-5-0-0-1-1||94100|
42|42||3-5-0-0-1-1||1405800|
43|43||3-5-0-0-1-1||18800|
44|44||3-5-0-0-1-1||357200|
45|45||3-5-0-0-1-1||1347925|
46|46||3-5-0-0-1-1||2665100|
47|47||3-5-0-0-1-1||98220|
48|48||3-5-0-0-1-1||308000|
49|49||3-5-0-0-1-1||162200|
50|50||3-5-0-0-1-1||885900|
51|51||3-5-0-0-1-1||401000|
52|52||3-5-0-0-1-1||140300|
53|53||3-5-0-0-1-1||334300|
54|54||3-5-0-0-1-1||18440|
55|55||3-5-0-0-1-1||110880|
56|56||3-5-0-0-1-1||17400|
57|57||3-5-0-0-1-1||5200|
58|58||3-5-0-0-1-1||12420|
59|59||3-5-0-0-1-1||15600|
60|60||3-5-0-0-1-1||288400|
61|61||3-5-0-0-1-1||307480|
62|62||3-5-0-0-1-1||24640|
63|63||3-5-0-0-1-1||74800|
64|64||3-5-0-0-1-1||27820|
65|65||3-5-0-0-1-1||12320|
66|66||3-5-0-0-1-1||13100|
67|67||3-5-0-0-1-1||3100|
68|68||3-5-0-0-1-1||12320|
69|69||3-5-0-0-1-1||161460|
70|70||3-5-0-0-1-1||12320|
71|71||3-5-0-0-1-1||61600|
72|72||3-5-0-0-1-1||12620|
73|73||3-5-0-0-1-1||235402|
74|74||3-5-0-0-1-1||37480|
75|75||3-5-0-0-1-1||1260|
76|76||3-5-0-0-1-1||86240|
77|77||3-5-0-0-1-1||73920|
78|78||3-5-0-0-1-1||24600|
79|79||3-5-0-0-1-1||12320|
80|80||3-5-0-0-1-1||13220|
81|81||3-5-0-0-1-1||12300|
82|82||3-5-0-0-1-1||12320|
83|83||3-5-0-0-1-1||16100|
84|84||3-5-0-0-1-1||100160|
85|85||3-5-0-0-1-1||3700|
86|86||3-5-0-0-1-1||12620|
87|87||3-5-0-0-1-1||323145|
88|88||3-5-0-0-1-1||38740|
89|89||3-5-0-0-1-1||12500|
90|90||3-5-0-0-1-1||12520|
91|91||3-5-0-0-1-1||273800|
92|92||3-5-0-0-1-1||12320|
93|93||3-5-0-0-1-1||15000|
94|94||3-5-0-0-1-1||12320|
95|95||3-5-0-0-1-1||14200|
96|96||3-5-0-0-1-1||20500|
97|97||3-5-0-0-1-1||6160|
98|98||3-5-0-0-1-1||49280|
99|99||3-5-0-0-1-1||24740|
100|100||3-5-0-0-1-1||12320|
101|101||3-5-0-0-1-1||37260|
102|102||3-5-0-0-1-1||25920|
103|103||3-5-0-0-1-1||24740|
104|104||3-5-0-0-1-1||41800|
105|105||3-5-0-0-1-1||40900|
106|106||3-5-0-0-1-1||25480|
107|107||3-5-0-0-1-1||12620|
108|108||3-5-0-0-1-1||30200|
109|109||3-5-0-0-1-1||380700|
110|110||3-5-0-0-1-1||86240|
111|111||3-5-0-0-1-1||24640|
112|112||3-5-0-0-1-1||12620|
113|113||3-5-0-0-1-1||165400|
114|114||3-5-0-0-1-1||273620|
115|115||3-5-0-0-1-1||311400|
116|116||3-5-0-0-1-1||25500|
117|117||3-5-0-0-1-1||331100|
118|118||3-5-0-0-1-1||203380|
119|119||3-5-0-0-1-1||96500|
120|120||3-5-0-0-1-1||436760|
121|121||3-5-0-0-1-1||16700|
122|122||3-5-0-0-1-1||147840|
123|123||3-5-0-0-1-1||101800|
124|124||3-5-0-0-1-1||34100|
125|125||3-5-0-0-1-1||35700|
126|126||3-5-0-0-1-1||29000|
127|127||3-5-0-0-1-1||24100|
128|128||3-5-0-0-1-1||140000|
129|129||3-5-0-0-1-1||4097400|
130|130||3-5-0-0-1-1||12320|
131|131||3-5-0-0-1-1||15400|
132|132||3-5-0-0-1-1||15000|
133|133||3-5-0-0-1-1||13300|
134|134||3-5-0-0-1-1||12320|
135|135||3-5-0-0-1-1||123600|
136|136||3-5-0-0-1-1||12320|
137|137||3-5-0-0-1-1||12320|
138|138||3-5-0-0-1-1||24640|
139|139||3-5-0-0-1-1||12320|
140|140||3-5-0-0-1-1||11540|
141|141||3-5-0-0-1-1||16300|
142|142||3-5-0-0-1-1||14900|
143|143||3-5-0-0-1-1||12420|
144|144||3-5-0-0-1-1||24740|
145|145||3-5-0-0-1-1||3100|
146|146||3-5-0-0-1-1||185500|
147|147||3-5-0-0-1-1||4620200|
148|148||3-5-0-0-1-1||15100|
149|149||3-5-0-0-1-1||12400|
150|150||3-5-0-0-1-1||156300|
151|151||3-5-0-0-1-1||1782100|
152|152||3-5-0-0-1-1||12320|
153|153||3-5-0-0-1-1||8661700|
154|154||3-5-0-0-1-1||36940|
155|155||3-5-0-0-1-1||18000|
156|156||3-5-0-0-1-1||154200|
157|157||3-5-0-0-1-1||64200|
158|158||3-5-0-0-1-1||5300|
159|159||3-5-0-0-1-1||775600|
160|160||3-5-0-0-1-1||20|
161|161||3-5-0-0-1-1||320000|
162|162||3-5-0-0-1-1||12320|
163|163||3-5-0-0-1-1||12320|
164|164||3-5-0-0-1-1||125500|
165|165||3-5-0-0-1-1||591600|
166|166||3-5-0-0-1-1||84580|
167|167||3-5-0-0-1-1||1204600|
168|168||3-5-0-0-1-1||8587800|
169|169||3-5-0-0-1-1||80448700|
170|170||3-5-0-0-1-1||5230|
171|171||3-5-0-0-1-1||88560|
172|172||3-5-0-0-1-1||120500|
173|173||3-5-0-0-1-1||1131700|
174|174||3-5-0-0-1-1||464000|
175|175||3-5-0-0-1-1||12920|
176|176||3-5-0-0-1-1||5625880|
177|177||3-5-0-0-1-1||127600|
178|178||3-5-0-0-1-1||124500|
179|179||3-5-0-0-1-1||200500|
180|180||3-5-0-0-1-1||12320|
181|181||3-5-0-0-1-1||14347600|
182|182||3-5-0-0-1-1||315720|
183|183||3-5-0-0-1-1||308000|
184|184||3-5-0-0-1-1||45180|
185|185||3-5-0-0-1-1||3780|
186|186||3-5-0-0-1-1||105|
187|187||3-5-0-0-1-1||13960|
188|188||3-5-0-0-1-1||24740|
189|189||3-5-0-0-1-1||175480|
190|190||3-5-0-0-1-1||12320|
191|191||3-5-0-0-1-1||24740|
192|192||3-5-0-0-1-1||420|
193|193||3-5-0-0-1-1||12320|
194|194||3-5-0-0-1-1||14100|
195|195||3-5-0-0-1-1||12620|
196|196||3-5-0-0-1-1||12320|
197|197||3-5-0-0-1-1||980|
198|198||3-5-0-0-1-1||12420|
199|199||3-5-0-0-1-1||12320|
200|200||3-5-0-0-1-1||420|
