1|1||3-5-0-0-1-1||27800|
2|2||3-5-0-0-1-1||27800|
3|3||3-5-0-0-1-1||70000|
4|4||3-5-0-0-1-1||28800|
5|5||3-5-0-0-1-1||27500|
6|6||3-5-0-0-1-1||27700|
7|7||3-5-0-0-1-1||27800|
8|8||3-5-0-0-1-1||28400|
9|9||3-5-0-0-1-1||70100|
10|10||3-5-0-0-1-1||28100|
11|11||3-5-0-0-1-1||27900|
12|12||3-5-0-0-1-1||28000|
13|13||3-5-0-0-1-1||28100|
14|14||3-5-0-0-1-1||43400|
15|15||3-5-0-0-1-1||28300|
16|16||3-5-0-0-1-1||28000|
17|17||3-5-0-0-1-1||27900|
18|18||3-5-0-0-1-1||28800|
19|19||3-5-0-0-1-1||28800|
20|20||3-5-0-0-1-1||28600|
21|21||3-5-0-0-1-1||70600|
22|22||3-5-0-0-1-1||28900|
23|23||3-5-0-0-1-1||27700|
24|24||3-5-0-0-1-1||27700|
25|25||3-5-0-0-1-1||27800|
26|26||3-5-0-0-1-1||28300|
27|27||3-5-0-0-1-1||70200|
28|28||3-5-0-0-1-1||28500|
29|29||3-5-0-0-1-1||28100|
30|30||3-5-0-0-1-1||42900|
31|31||3-5-0-0-1-1||27800|
32|32||3-5-0-0-1-1||28000|
33|33||3-5-0-0-1-1||28000|
34|34||3-5-0-0-1-1||28200|
35|35||3-5-0-0-1-1||27900|
36|36||3-5-0-0-1-1||42800|
37|37||3-5-0-0-1-1||27900|
38|38||3-5-0-0-1-1||28600|
39|39||3-5-0-0-1-1||28900|
40|40||3-5-0-0-1-1||12600|
41|41||3-5-0-0-1-1||340700|
42|42||3-5-0-0-1-1||120000|
43|43||3-5-0-0-1-1||1570500|
44|44||3-5-0-0-1-1||140000|
45|45||3-5-0-0-1-1||2267500|
46|46||3-5-0-0-1-1||3604500|
47|47||3-5-0-0-1-1||28340|
48|48||3-5-0-0-1-1||377700|
49|49||3-5-0-0-1-1||244000|
50|50||3-5-0-0-1-1||120000|
51|51||3-5-0-0-1-1||6200|
52|52||3-5-0-0-1-1||42320|
53|53||3-5-0-0-1-1||12300|
54|54||3-5-0-0-1-1||134100|
55|55||3-5-0-0-1-1||12420|
56|56||3-5-0-0-1-1||1617300|
57|57||3-5-0-0-1-1||322200|
58|58||3-5-0-0-1-1||11200|
59|59||3-5-0-0-1-1||13600|
60|60||3-5-0-0-1-1||448220|
61|61||3-5-0-0-1-1||42400|
62|62||3-5-0-0-1-1||13600|
63|63||3-5-0-0-1-1||12320|
64|64||3-5-0-0-1-1||89000|
65|65||3-5-0-0-1-1||12320|
66|66||3-5-0-0-1-1||88160|
