1|1||3-5-0-0-1-1||64900|
2|2||3-5-0-0-1-1||63680|
3|3||3-5-0-0-1-1||592100|
4|4||3-5-0-0-1-1||12320|
5|5||3-5-0-0-1-1||3080|
6|6||3-5-0-0-1-1||31240|
7|7||3-5-0-0-1-1||36960|
8|8||3-5-0-0-1-1||12320|
9|9||3-5-0-0-1-1||15000|
10|10||3-5-0-0-1-1||1310500|
11|11||3-5-0-0-1-1||70140|
12|12||3-5-0-0-1-1||37060|
13|13||3-5-0-0-1-1||12500|
14|14||3-5-0-0-1-1||156980|
15|15||3-5-0-0-1-1||12320|
16|16||3-5-0-0-1-1||12320|
17|17||3-5-0-0-1-1||12320|
18|18||3-5-0-0-1-1||38020|
19|19||3-5-0-0-1-1||26000|
20|20||3-5-0-0-1-1||389600|
21|21||3-5-0-0-1-1||3797100|
22|22||3-5-0-0-1-1||12300|
23|23||3-5-0-0-1-1||67020|
24|24||3-5-0-0-1-1||79760|
25|25||3-5-0-0-1-1||12320|
26|26||3-5-0-0-1-1||11340|
27|27||3-5-0-0-1-1||12320|
28|28||3-5-0-0-1-1||24640|
29|29||3-5-0-0-1-1||12300|
30|30||3-5-0-0-1-1||10720|
31|31||3-5-0-0-1-1||11440|
32|32||3-5-0-0-1-1||12320|
33|33||3-5-0-0-1-1||32100|
34|34||3-5-0-0-1-1||12320|
35|35||3-5-0-0-1-1||42040|
36|36||3-5-0-0-1-1||12320|
37|37||3-5-0-0-1-1||12320|
38|38||3-5-0-0-1-1||12320|
39|39||3-5-0-0-1-1||12320|
40|40||3-5-0-0-1-1||12320|
41|41||3-5-0-0-1-1||24740|
42|42||3-5-0-0-1-1||12320|
43|43||3-5-0-0-1-1||48840|
44|44||3-5-0-0-1-1||27740|
45|45||3-5-0-0-1-1||12420|
46|46||3-5-0-0-1-1||1086300|
47|47||3-5-0-0-1-1||12320|
48|48||3-5-0-0-1-1||4654660|
49|49||3-5-0-0-1-1||171800|
50|50||3-5-0-0-1-1||714900|
51|51||3-5-0-0-1-1||1702300|
52|52||3-5-0-0-1-1||49480|
53|53||3-5-0-0-1-1||112100|
54|54||3-5-0-0-1-1||12400|
55|55||3-5-0-0-1-1||12320|
56|56||3-5-0-0-1-1||70520|
57|57||3-5-0-0-1-1||276400|
58|58||3-5-0-0-1-1||6983800|
59|59||3-5-0-0-1-1||25461|
60|60||3-5-0-0-1-1||24740|
61|61||3-5-0-0-1-1||390400|
62|62||3-5-0-0-1-1||12320|
63|63||3-5-0-0-1-1||224540|
64|64||3-5-0-0-1-1||12420|
65|65||3-5-0-0-1-1||214300|
66|66||3-5-0-0-1-1||24640|
67|67||3-5-0-0-1-1||36960|
68|68||3-5-0-0-1-1||20800|
69|69||3-5-0-0-1-1||16200|
70|70||3-5-0-0-1-1||20500|
71|71||3-5-0-0-1-1||11200|
72|72||3-5-0-0-1-1||18300|
73|73||3-5-0-0-1-1||16700|
74|74||3-5-0-0-1-1||17600|
75|75||3-5-0-0-1-1||16300|
76|76||3-5-0-0-1-1||122500|
77|77||3-5-0-0-1-1||620|
78|78||3-5-0-0-1-1||620|
79|79||3-5-0-0-1-1||39480|
80|80||3-5-0-0-1-1||13020|
81|81||3-5-0-0-1-1||974700|
82|82||3-5-0-0-1-1||183100|
83|83||3-5-0-0-1-1||132200|
84|84||3-5-0-0-1-1||794400|
85|85||3-5-0-0-1-1||239920|
86|86||3-5-0-0-1-1||84|
87|87||3-5-0-0-1-1||153680|
88|88||3-5-0-0-1-1||35600|
89|89||3-5-0-0-1-1||198943|
90|90||3-5-0-0-1-1||98560|
91|91||3-5-0-0-1-1||61600|
92|92||3-5-0-0-1-1||61700|
93|93||3-5-0-0-1-1||12320|
94|94||3-5-0-0-1-1||840|
95|95||3-5-0-0-1-1||24640|
96|96||3-5-0-0-1-1||315000|
97|97||3-5-0-0-1-1||282000|
98|98||3-5-0-0-1-1||35300|
99|99||3-5-0-0-1-1||186600|
100|100||3-5-0-0-1-1||13580|
101|101||3-5-0-0-1-1||12320|
102|102||3-5-0-0-1-1||411200|
103|103||3-5-0-0-1-1||24740|
104|104||3-5-0-0-1-1||12320|
105|105||3-5-0-0-1-1||30800|
106|106||3-5-0-0-1-1||18000|
107|107||3-5-0-0-1-1||12900|
108|108||3-5-0-0-1-1||13200|
109|109||3-5-0-0-1-1||12320|
110|110||3-5-0-0-1-1||373300|
111|111||3-5-0-0-1-1||91047|
112|112||3-5-0-0-1-1||12320|
113|113||3-5-0-0-1-1||15400|
114|114||3-5-0-0-1-1||14600|
115|115||3-5-0-0-1-1||480500|
116|116||3-5-0-0-1-1||12320|
117|117||3-5-0-0-1-1||4518400|
118|118||3-5-0-0-1-1||3080|
119|119||3-5-0-0-1-1||420|
120|120||3-5-0-0-1-1||1006300|
121|121||3-5-0-0-1-1||75180|
122|122||3-5-0-0-1-1||600000|
123|123||3-5-0-0-1-1||894100|
124|124||3-5-0-0-1-1||256100|
125|125||3-5-0-0-1-1||172480|
126|126||3-5-0-0-1-1||70300|
127|127||3-5-0-0-1-1||150000|
128|128||3-5-0-0-1-1||213310|
129|129||3-5-0-0-1-1||15100|
130|130||3-5-0-0-1-1||455000|
131|131||3-5-0-0-1-1||24640|
132|132||3-5-0-0-1-1||131600|
133|133||3-5-0-0-1-1||588500|
134|134||3-5-0-0-1-1||144140|
135|135||3-5-0-0-1-1||24640|
136|136||3-5-0-0-1-1||80000|
137|137||3-5-0-0-1-1||340000|
138|138||3-5-0-0-1-1||30200|
139|139||3-5-0-0-1-1||3700|
140|140||3-5-0-0-1-1||12320|
141|141||3-5-0-0-1-1||1219700|
142|142||3-5-0-0-1-1||12320|
143|143||3-5-0-0-1-1||125500|
144|144||3-5-0-0-1-1||12420|
145|145||3-5-0-0-1-1||3080|
146|146||3-5-0-0-1-1||332233|
147|147||3-5-0-0-1-1||25340|
148|148||3-5-0-0-1-1||36960|
149|149||3-5-0-0-1-1||12320|
150|150||3-5-0-0-1-1||12420|
151|151||3-5-0-0-1-1||12420|
152|152||3-5-0-0-1-1||12320|
153|153||3-5-0-0-1-1||12320|
154|154||3-5-0-0-1-1||24640|
155|155||3-5-0-0-1-1||98580|
156|156||3-5-0-0-1-1||12320|
157|157||3-5-0-0-1-1||12320|
158|158||3-5-0-0-1-1||18600|
159|159||3-5-0-0-1-1||12320|
160|160||3-5-0-0-1-1||88824|
161|161||3-5-0-0-1-1||12720|
162|162||3-5-0-0-1-1||12320|
163|163||3-5-0-0-1-1||12900|
164|164||3-5-0-0-1-1||12320|
165|165||3-5-0-0-1-1||12320|
166|166||3-5-0-0-1-1||12620|
167|167||3-5-0-0-1-1||12420|
168|168||3-5-0-0-1-1||12320|
169|169||3-5-0-0-1-1||12320|
170|170||3-5-0-0-1-1||12320|
171|171||3-5-0-0-1-1||59320|
172|172||3-5-0-0-1-1||36960|
173|173||3-5-0-0-1-1||24740|
174|174||3-5-0-0-1-1||8624|
175|175||3-5-0-0-1-1||197500|
176|176||3-5-0-0-1-1||12320|
177|177||3-5-0-0-1-1||49280|
178|178||3-5-0-0-1-1||13020|
179|179||3-5-0-0-1-1||13000|
180|180||3-5-0-0-1-1||12620|
181|181||3-5-0-0-1-1||13000|
182|182||3-5-0-0-1-1||24740|
183|183||3-5-0-0-1-1||12420|
184|184||3-5-0-0-1-1||3300|
185|185||3-5-0-0-1-1||24640|
186|186||3-5-0-0-1-1||76100|
187|187||3-5-0-0-1-1||12320|
188|188||3-5-0-0-1-1||12320|
189|189||3-5-0-0-1-1||28500|
190|190||3-5-0-0-1-1||24640|
191|191||3-5-0-0-1-1||12320|
192|192||3-5-0-0-1-1||53602|
193|193||3-5-0-0-1-1||24640|
194|194||3-5-0-0-1-1||36960|
195|195||3-5-0-0-1-1||12320|
196|196||3-5-0-0-1-1||280000|
197|197||3-5-0-0-1-1||292700|
198|198||3-5-0-0-1-1||613980|
199|199||3-5-0-0-1-1||2099840|
200|200||3-5-0-0-1-1||7590400|
