1|1||3-5-0-0-1-1||209440|
2|2||3-5-0-0-1-1||214000|
3|3||3-5-0-0-1-1||12840|
4|4||3-5-0-0-1-1||50780|
5|5||3-5-0-0-1-1||12320|
6|6||3-5-0-0-1-1||12320|
7|7||3-5-0-0-1-1||24640|
8|8||3-5-0-0-1-1||12320|
9|9||3-5-0-0-1-1||73020|
10|10||3-5-0-0-1-1||51100|
11|11||3-5-0-0-1-1||12320|
12|12||3-5-0-0-1-1||24740|
13|13||3-5-0-0-1-1||24740|
14|14||3-5-0-0-1-1||12320|
15|15||3-5-0-0-1-1||12320|
16|16||3-5-0-0-1-1||18400|
17|17||3-5-0-0-1-1||26800|
18|18||3-5-0-0-1-1||26300|
19|19||3-5-0-0-1-1||222660|
20|20||3-5-0-0-1-1||12320|
21|21||3-5-0-0-1-1||13500|
22|22||3-5-0-0-1-1||13800|
23|23||3-5-0-0-1-1||12020|
24|24||3-5-0-0-1-1||13220|
25|25||3-5-0-0-1-1||12900|
26|26||3-5-0-0-1-1||131400|
27|27||3-5-0-0-1-1||12320|
28|28||3-5-0-0-1-1||24640|
29|29||3-5-0-0-1-1||36960|
30|30||3-5-0-0-1-1||219200|
31|31||3-5-0-0-1-1||28100|
32|32||3-5-0-0-1-1||38500|
33|33||3-5-0-0-1-1||12620|
34|34||3-5-0-0-1-1||12620|
35|35||3-5-0-0-1-1||12320|
36|36||3-5-0-0-1-1||12320|
37|37||3-5-0-0-1-1||12320|
38|38||3-5-0-0-1-1||12320|
39|39||3-5-0-0-1-1||86240|
40|40||3-5-0-0-1-1||12420|
41|41||3-5-0-0-1-1||24640|
42|42||3-5-0-0-1-1||12320|
43|43||3-5-0-0-1-1||44420|
44|44||3-5-0-0-1-1||29420|
45|45||3-5-0-0-1-1||26840|
46|46||3-5-0-0-1-1||73920|
47|47||3-5-0-0-1-1||12320|
48|48||3-5-0-0-1-1||24640|
49|49||3-5-0-0-1-1||17000|
50|50||3-5-0-0-1-1||12320|
51|51||3-5-0-0-1-1||61600|
52|52||3-5-0-0-1-1||25340|
53|53||3-5-0-0-1-1||49380|
54|54||3-5-0-0-1-1||12320|
55|55||3-5-0-0-1-1||2400|
56|56||3-5-0-0-1-1||2400|
57|57||3-5-0-0-1-1||2500|
58|58||3-5-0-0-1-1||12320|
59|59||3-5-0-0-1-1||12320|
60|60||3-5-0-0-1-1||112900|
61|61||3-5-0-0-1-1||37160|
62|62||3-5-0-0-1-1||61600|
63|63||3-5-0-0-1-1||54000|
64|64||3-5-0-0-1-1||71000|
65|65||3-5-0-0-1-1||25340|
66|66||3-5-0-0-1-1||318000|
67|67||3-5-0-0-1-1||10300|
68|68||3-5-0-0-1-1||194260|
69|69||3-5-0-0-1-1||12320|
70|70||3-5-0-0-1-1||381040|
71|71||3-5-0-0-1-1||44640|
72|72||3-5-0-0-1-1||110500|
73|73||3-5-0-0-1-1||12320|
74|74||3-5-0-0-1-1||12320|
75|75||3-5-0-0-1-1||36440|
76|76||3-5-0-0-1-1||6748|
77|77||3-5-0-0-1-1||24640|
78|78||3-5-0-0-1-1||36960|
79|79||3-5-0-0-1-1||15400|
80|80||3-5-0-0-1-1||55600|
81|81||3-5-0-0-1-1||12420|
82|82||3-5-0-0-1-1||336300|
83|83||3-5-0-0-1-1||113920|
84|84||3-5-0-0-1-1||12620|
85|85||3-5-0-0-1-1||24640|
86|86||3-5-0-0-1-1||73920|
87|87||3-5-0-0-1-1||102540|
88|88||3-5-0-0-1-1||12320|
89|89||3-5-0-0-1-1||12320|
90|90||3-5-0-0-1-1||12420|
91|91||3-5-0-0-1-1||36320|
92|92||3-5-0-0-1-1||12320|
93|93||3-5-0-0-1-1||12320|
94|94||3-5-0-0-1-1||12320|
95|95||3-5-0-0-1-1||40640|
96|96||3-5-0-0-1-1||12320|
97|97||3-5-0-0-1-1||49791|
98|98||3-5-0-0-1-1||12320|
99|99||3-5-0-0-1-1||25060|
100|100||3-5-0-0-1-1||12320|
101|101||3-5-0-0-1-1||1240|
102|102||3-5-0-0-1-1||12320|
103|103||3-5-0-0-1-1||12320|
104|104||3-5-0-0-1-1||49280|
105|105||3-5-0-0-1-1||6200|
106|106||3-5-0-0-1-1||12320|
107|107||3-5-0-0-1-1||24640|
108|108||3-5-0-0-1-1||28320|
109|109||3-5-0-0-1-1||12320|
110|110||3-5-0-0-1-1||49280|
111|111||3-5-0-0-1-1||12320|
112|112||3-5-0-0-1-1||12320|
113|113||3-5-0-0-1-1||28600|
114|114||3-5-0-0-1-1||91980|
115|115||3-5-0-0-1-1||36960|
116|116||3-5-0-0-1-1||24740|
117|117||3-5-0-0-1-1||82460|
118|118||3-5-0-0-1-1||12420|
119|119||3-5-0-0-1-1||259000|
120|120||3-5-0-0-1-1||12420|
121|121||3-5-0-0-1-1||12320|
122|122||3-5-0-0-1-1||128000|
123|123||3-5-0-0-1-1||7500|
124|124||3-5-0-0-1-1||160000|
125|125||3-5-0-0-1-1||443000|
126|126||3-5-0-0-1-1||152100|
127|127||3-5-0-0-1-1||420|
128|128||3-5-0-0-1-1||3120980|
129|129||3-5-0-0-1-1||12340|
130|130||3-5-0-0-1-1||12320|
131|131||3-5-0-0-1-1||17000|
132|132||3-5-0-0-1-1||98560|
133|133||3-5-0-0-1-1||20944|
134|134||3-5-0-0-1-1||12320|
135|135||3-5-0-0-1-1||821|
136|136||3-5-0-0-1-1||1200|
137|137||3-5-0-0-1-1||55480|
138|138||3-5-0-0-1-1||12320|
139|139||3-5-0-0-1-1||12400|
140|140||3-5-0-0-1-1||134300|
141|141||3-5-0-0-1-1||5335900|
142|142||3-5-0-0-1-1||405200|
143|143||3-5-0-0-1-1||64700|
144|144||3-5-0-0-1-1||70534400|
145|145||3-5-0-0-1-1||37240|
146|146||3-5-0-0-1-1||521800|
147|147||3-5-0-0-1-1||13000|
148|148||3-5-0-0-1-1||16088700|
149|149||3-5-0-0-1-1||83087900|
150|150||3-5-0-0-1-1||124600|
151|151||3-5-0-0-1-1||12320|
152|152||3-5-0-0-1-1||112100|
153|153||3-5-0-0-1-1||12320|
154|154||3-5-0-0-1-1||286000|
155|155||3-5-0-0-1-1||451500|
156|156||3-5-0-0-1-1||58800|
157|157||3-5-0-0-1-1||144500|
158|158||3-5-0-0-1-1||157200|
159|159||3-5-0-0-1-1||2221900|
160|160||3-5-0-0-1-1||198800|
161|161||3-5-0-0-1-1||149700|
162|162||3-5-0-0-1-1||335640|
163|163||3-5-0-0-1-1||630000|
164|164||3-5-0-0-1-1||1226080|
165|165||3-5-0-0-1-1||1239700|
166|166||3-5-0-0-1-1||1308820|
167|167||3-5-0-0-1-1||272200|
168|168||3-5-0-0-1-1||160000|
169|169||3-5-0-0-1-1||12320|
170|170||3-5-0-0-1-1||420|
171|171||3-5-0-0-1-1||85700|
172|172||3-5-0-0-1-1||327500|
173|173||3-5-0-0-1-1||1909500|
174|174||3-5-0-0-1-1||125000|
175|175||3-5-0-0-1-1||1017500|
176|176||3-5-0-0-1-1||3492760|
177|177||3-5-0-0-1-1||559600|
178|178||3-5-0-0-1-1||77220|
179|179||3-5-0-0-1-1||12320|
180|180||3-5-0-0-1-1||31300|
181|181||3-5-0-0-1-1||116020|
182|182||3-5-0-0-1-1||12320|
183|183||3-5-0-0-1-1||24740|
184|184||3-5-0-0-1-1||75920|
185|185||3-5-0-0-1-1||73920|
186|186||3-5-0-0-1-1||558200|
187|187||3-5-0-0-1-1||12320|
188|188||3-5-0-0-1-1||12920|
189|189||3-5-0-0-1-1||12620|
190|190||3-5-0-0-1-1||343320|
191|191||3-5-0-0-1-1||151600|
192|192||3-5-0-0-1-1||11100|
193|193||3-5-0-0-1-1||74120|
194|194||3-5-0-0-1-1||12320|
195|195||3-5-0-0-1-1||12320|
196|196||3-5-0-0-1-1||115680|
197|197||3-5-0-0-1-1||49280|
198|198||3-5-0-0-1-1||12720|
199|199||3-5-0-0-1-1||24640|
200|200||3-5-0-0-1-1||12320|
