1|1||3-5-0-0-1-1||49280|
2|2||3-5-0-0-1-1||635160|
3|3||3-5-0-0-1-1||359100|
4|4||3-5-0-0-1-1||163740|
5|5||3-5-0-0-1-1||272280|
6|6||3-5-0-0-1-1||392040|
7|7||3-5-0-0-1-1||36900|
8|8||3-5-0-0-1-1||752200|
9|9||3-5-0-0-1-1||155600|
10|10||3-5-0-0-1-1||25400|
11|11||3-5-0-0-1-1||624900|
12|12||3-5-0-0-1-1||12320|
13|13||3-5-0-0-1-1||147600|
14|14||3-5-0-0-1-1||24600|
15|15||3-5-0-0-1-1||27600|
16|16||3-5-0-0-1-1||86344900|
17|17||3-5-0-0-1-1||1293660|
18|18||3-5-0-0-1-1||13000|
19|19||3-5-0-0-1-1||12600|
20|20||3-5-0-0-1-1||16300|
21|21||3-5-0-0-1-1||3720|
22|22||3-5-0-0-1-1||144000|
23|23||3-5-0-0-1-1||162500|
24|24||3-5-0-0-1-1||12300|
25|25||3-5-0-0-1-1||12320|
26|26||3-5-0-0-1-1||6167600|
27|27||3-5-0-0-1-1||80520|
28|28||3-5-0-0-1-1||5840|
29|29||3-5-0-0-1-1||12320|
30|30||3-5-0-0-1-1||61600|
31|31||3-5-0-0-1-1||12320|
32|32||3-5-0-0-1-1||24740|
33|33||3-5-0-0-1-1||12320|
34|34||3-5-0-0-1-1||11340|
35|35||3-5-0-0-1-1||74800|
36|36||3-5-0-0-1-1||7351700|
37|37||3-5-0-0-1-1||54600|
38|38||3-5-0-0-1-1||160160|
39|39||3-5-0-0-1-1||51764|
40|40||3-5-0-0-1-1||938000|
41|41||3-5-0-0-1-1||98400|
42|42||3-5-0-0-1-1||24840|
43|43||3-5-0-0-1-1||12320|
44|44||3-5-0-0-1-1||98560|
45|45||3-5-0-0-1-1||45000|
46|46||3-5-0-0-1-1||12320|
47|47||3-5-0-0-1-1||12620|
48|48||3-5-0-0-1-1||36960|
49|49||3-5-0-0-1-1||5890|
50|50||3-5-0-0-1-1||49700|
51|51||3-5-0-0-1-1||24640|
52|52||3-5-0-0-1-1||12420|
53|53||3-5-0-0-1-1||12320|
54|54||3-5-0-0-1-1||37120|
55|55||3-5-0-0-1-1||12420|
56|56||3-5-0-0-1-1||49480|
57|57||3-5-0-0-1-1||12320|
58|58||3-5-0-0-1-1||24740|
59|59||3-5-0-0-1-1||12320|
60|60||3-5-0-0-1-1||36960|
61|61||3-5-0-0-1-1||49420|
62|62||3-5-0-0-1-1||70000|
63|63||3-5-0-0-1-1||24640|
64|64||3-5-0-0-1-1||24640|
65|65||3-5-0-0-1-1||12320|
66|66||3-5-0-0-1-1||24640|
67|67||3-5-0-0-1-1||24740|
68|68||3-5-0-0-1-1||15560|
69|69||3-5-0-0-1-1||16300|
70|70||3-5-0-0-1-1||42800|
71|71||3-5-0-0-1-1||12800|
72|72||3-5-0-0-1-1||12900|
73|73||3-5-0-0-1-1||24640|
74|74||3-5-0-0-1-1||92100|
75|75||3-5-0-0-1-1||1900|
76|76||3-5-0-0-1-1||29400|
77|77||3-5-0-0-1-1||1400|
78|78||3-5-0-0-1-1||1900|
79|79||3-5-0-0-1-1||66900|
80|80||3-5-0-0-1-1||33800|
81|81||3-5-0-0-1-1||12320|
82|82||3-5-0-0-1-1||12300|
83|83||3-5-0-0-1-1||65800|
84|84||3-5-0-0-1-1||15000|
85|85||3-5-0-0-1-1||57100|
86|86||3-5-0-0-1-1||20540|
87|87||3-5-0-0-1-1||24840|
88|88||3-5-0-0-1-1||14060|
89|89||3-5-0-0-1-1||11340|
90|90||3-5-0-0-1-1||126240|
91|91||3-5-0-0-1-1||11018600|
92|92||3-5-0-0-1-1||133700|
93|93||3-5-0-0-1-1||12320|
94|94||3-5-0-0-1-1||38100|
95|95||3-5-0-0-1-1||17200|
96|96||3-5-0-0-1-1||97220|
97|97||3-5-0-0-1-1||548300|
98|98||3-5-0-0-1-1||12320|
99|99||3-5-0-0-1-1||12320|
100|100||3-5-0-0-1-1||172500|
101|101||3-5-0-0-1-1||12320|
102|102||3-5-0-0-1-1||139360|
103|103||3-5-0-0-1-1||276900|
104|104||3-5-0-0-1-1||840|
105|105||3-5-0-0-1-1||12320|
106|106||3-5-0-0-1-1||12620|
107|107||3-5-0-0-1-1||12920|
108|108||3-5-0-0-1-1||12600|
109|109||3-5-0-0-1-1||13000|
110|110||3-5-0-0-1-1||12600|
111|111||3-5-0-0-1-1||12300|
112|112||3-5-0-0-1-1||121100|
113|113||3-5-0-0-1-1||310200|
114|114||3-5-0-0-1-1||12300|
115|115||3-5-0-0-1-1||203600|
116|116||3-5-0-0-1-1||136520|
117|117||3-5-0-0-1-1||12320|
118|118||3-5-0-0-1-1||37060|
119|119||3-5-0-0-1-1||1355800|
120|120||3-5-0-0-1-1||2746800|
121|121||3-5-0-0-1-1||1396900|
122|122||3-5-0-0-1-1||7700|
123|123||3-5-0-0-1-1||110880|
124|124||3-5-0-0-1-1||61500|
125|125||3-5-0-0-1-1||24600|
126|126||3-5-0-0-1-1||289720|
127|127||3-5-0-0-1-1||205000|
128|128||3-5-0-0-1-1||12300|
129|129||3-5-0-0-1-1||78260460|
130|130||3-5-0-0-1-1||588000|
131|131||3-5-0-0-1-1||280000|
132|132||3-5-0-0-1-1||717200|
133|133||3-5-0-0-1-1||419620|
134|134||3-5-0-0-1-1||439700|
135|135||3-5-0-0-1-1||238960|
136|136||3-5-0-0-1-1||61600|
137|137||3-5-0-0-1-1||12320|
138|138||3-5-0-0-1-1||387200|
139|139||3-5-0-0-1-1||24000|
140|140||3-5-0-0-1-1||11100|
141|141||3-5-0-0-1-1||159100|
142|142||3-5-0-0-1-1||66600|
143|143||3-5-0-0-1-1||9791000|
144|144||3-5-0-0-1-1||7100|
145|145||3-5-0-0-1-1||13000|
146|146||3-5-0-0-1-1||420|
147|147||3-5-0-0-1-1||27720|
148|148||3-5-0-0-1-1||1255200|
149|149||3-5-0-0-1-1||18500|
150|150||3-5-0-0-1-1||12320|
151|151||3-5-0-0-1-1||12320|
152|152||3-5-0-0-1-1||840|
153|153||3-5-0-0-1-1||99200|
154|154||3-5-0-0-1-1||69400|
155|155||3-5-0-0-1-1||36960|
156|156||3-5-0-0-1-1||24740|
157|157||3-5-0-0-1-1||12300|
158|158||3-5-0-0-1-1||71800|
159|159||3-5-0-0-1-1||12320|
160|160||3-5-0-0-1-1||12320|
161|161||3-5-0-0-1-1||12320|
162|162||3-5-0-0-1-1||25400|
163|163||3-5-0-0-1-1||60800|
164|164||3-5-0-0-1-1||98560|
165|165||3-5-0-0-1-1||683880|
166|166||3-5-0-0-1-1||105|
167|167||3-5-0-0-1-1||3100|
168|168||3-5-0-0-1-1||3100|
169|169||3-5-0-0-1-1||12320|
170|170||3-5-0-0-1-1||37160|
171|171||3-5-0-0-1-1||24640|
172|172||3-5-0-0-1-1||16700|
173|173||3-5-0-0-1-1||170620|
174|174||3-5-0-0-1-1||16500|
175|175||3-5-0-0-1-1||12420|
176|176||3-5-0-0-1-1||12320|
177|177||3-5-0-0-1-1||12320|
178|178||3-5-0-0-1-1||71100|
179|179||3-5-0-0-1-1||12320|
180|180||3-5-0-0-1-1||12320|
181|181||3-5-0-0-1-1||24740|
182|182||3-5-0-0-1-1||12200|
183|183||3-5-0-0-1-1||24740|
184|184||3-5-0-0-1-1||12320|
185|185||3-5-0-0-1-1||6200|
186|186||3-5-0-0-1-1||12400|
187|187||3-5-0-0-1-1||40800|
188|188||3-5-0-0-1-1||12320|
189|189||3-5-0-0-1-1||12400|
190|190||3-5-0-0-1-1||95360|
191|191||3-5-0-0-1-1||136860|
192|192||3-5-0-0-1-1||227320|
193|193||3-5-0-0-1-1||140030|
194|194||3-5-0-0-1-1||161460|
195|195||3-5-0-0-1-1||105|
196|196||3-5-0-0-1-1||41067|
197|197||3-5-0-0-1-1||2565200|
198|198||3-5-0-0-1-1||52200|
199|199||3-5-0-0-1-1||107400|
200|200||3-5-0-0-1-1||27800|
