1|1||3-5-0-0-1-1||12320|
2|2||3-5-0-0-1-1||3100|
3|3||3-5-0-0-1-1||74520|
4|4||3-5-0-0-1-1||22280|
5|5||3-5-0-0-1-1||37060|
6|6||3-5-0-0-1-1||6200|
7|7||3-5-0-0-1-1||12320|
8|8||3-5-0-0-1-1||24640|
9|9||3-5-0-0-1-1||12920|
10|10||3-5-0-0-1-1||12620|
11|11||3-5-0-0-1-1||13220|
12|12||3-5-0-0-1-1||420|
13|13||3-5-0-0-1-1||31500|
14|14||3-5-0-0-1-1||763900|
15|15||3-5-0-0-1-1||12420|
16|16||3-5-0-0-1-1||300200|
17|17||3-5-0-0-1-1||306640|
18|18||3-5-0-0-1-1||203400|
19|19||3-5-0-0-1-1||140000|
20|20||3-5-0-0-1-1||152280|
21|21||3-5-0-0-1-1||12320|
22|22||3-5-0-0-1-1||36920|
23|23||3-5-0-0-1-1||12300|
24|24||3-5-0-0-1-1||3700|
25|25||3-5-0-0-1-1||598020|
26|26||3-5-0-0-1-1||40800|
27|27||3-5-0-0-1-1||12320|
28|28||3-5-0-0-1-1||73800|
29|29||3-5-0-0-1-1||332300|
30|30||3-5-0-0-1-1||24740|
31|31||3-5-0-0-1-1||224700|
32|32||3-5-0-0-1-1||12300|
33|33||3-5-0-0-1-1||5800|
34|34||3-5-0-0-1-1||5800|
35|35||3-5-0-0-1-1||6000|
36|36||3-5-0-0-1-1||18600|
37|37||3-5-0-0-1-1||6000|
38|38||3-5-0-0-1-1||5800|
39|39||3-5-0-0-1-1||5800|
40|40||3-5-0-0-1-1||5800|
41|41||3-5-0-0-1-1||276400|
42|42||3-5-0-0-1-1||85100|
43|43||3-5-0-0-1-1||23000|
44|44||3-5-0-0-1-1||13300|
45|45||3-5-0-0-1-1||13200|
46|46||3-5-0-0-1-1||12320|
47|47||3-5-0-0-1-1||28138|
48|48||3-5-0-0-1-1||2500|
49|49||3-5-0-0-1-1||6200|
50|50||3-5-0-0-1-1||753800|
51|51||3-5-0-0-1-1||1100|
52|52||3-5-0-0-1-1||12320|
53|53||3-5-0-0-1-1||112120|
54|54||3-5-0-0-1-1||867200|
55|55||3-5-0-0-1-1||54480|
56|56||3-5-0-0-1-1||12520|
57|57||3-5-0-0-1-1||12320|
58|58||3-5-0-0-1-1||375100|
59|59||3-5-0-0-1-1||24640|
60|60||3-5-0-0-1-1||130000|
61|61||3-5-0-0-1-1||314500|
62|62||3-5-0-0-1-1||702600|
63|63||3-5-0-0-1-1||24640|
64|64||3-5-0-0-1-1||12300|
65|65||3-5-0-0-1-1||12300|
66|66||3-5-0-0-1-1||1728100|
67|67||3-5-0-0-1-1||10010|
68|68||3-5-0-0-1-1||163200|
69|69||3-5-0-0-1-1||292300|
70|70||3-5-0-0-1-1||2500|
71|71||3-5-0-0-1-1||63900|
72|72||3-5-0-0-1-1||67500|
73|73||3-5-0-0-1-1||12320|
74|74||3-5-0-0-1-1||12320|
75|75||3-5-0-0-1-1||13500|
76|76||3-5-0-0-1-1||76040|
77|77||3-5-0-0-1-1||311330|
78|78||3-5-0-0-1-1||14920|
79|79||3-5-0-0-1-1||11340|
80|80||3-5-0-0-1-1||37160|
81|81||3-5-0-0-1-1||12300|
82|82||3-5-0-0-1-1||61500|
83|83||3-5-0-0-1-1||85500|
84|84||3-5-0-0-1-1||37600|
85|85||3-5-0-0-1-1||20000|
86|86||3-5-0-0-1-1||98560|
87|87||3-5-0-0-1-1||12300|
88|88||3-5-0-0-1-1||12300|
89|89||3-5-0-0-1-1||176700|
90|90||3-5-0-0-1-1||12300|
91|91||3-5-0-0-1-1||24600|
92|92||3-5-0-0-1-1||74200|
93|93||3-5-0-0-1-1||61500|
94|94||3-5-0-0-1-1||24600|
95|95||3-5-0-0-1-1||41800|
96|96||3-5-0-0-1-1||12300|
97|97||3-5-0-0-1-1||16400|
98|98||3-5-0-0-1-1||12300|
99|99||3-5-0-0-1-1||13100|
100|100||3-5-0-0-1-1||12300|
101|101||3-5-0-0-1-1||12300|
102|102||3-5-0-0-1-1||12700|
103|103||3-5-0-0-1-1||12600|
104|104||3-5-0-0-1-1||24600|
105|105||3-5-0-0-1-1||24700|
106|106||3-5-0-0-1-1||49200|
107|107||3-5-0-0-1-1||61800|
108|108||3-5-0-0-1-1||24700|
109|109||3-5-0-0-1-1||12400|
110|110||3-5-0-0-1-1||36900|
111|111||3-5-0-0-1-1||12400|
112|112||3-5-0-0-1-1||12300|
113|113||3-5-0-0-1-1||18700|
114|114||3-5-0-0-1-1||1034|
115|115||3-5-0-0-1-1||72320|
116|116||3-5-0-0-1-1||12320|
117|117||3-5-0-0-1-1||12320|
118|118||3-5-0-0-1-1||3080|
119|119||3-5-0-0-1-1||6160|
120|120||3-5-0-0-1-1||12320|
121|121||3-5-0-0-1-1||74100|
122|122||3-5-0-0-1-1||27820|
123|123||3-5-0-0-1-1||12320|
124|124||3-5-0-0-1-1||16000|
125|125||3-5-0-0-1-1||24640|
126|126||3-5-0-0-1-1||25100|
127|127||3-5-0-0-1-1||27280|
128|128||3-5-0-0-1-1||6500|
129|129||3-5-0-0-1-1||12320|
130|130||3-5-0-0-1-1||30000|
131|131||3-5-0-0-1-1||108306|
132|132||3-5-0-0-1-1||124900|
133|133||3-5-0-0-1-1||12420|
134|134||3-5-0-0-1-1||183620|
135|135||3-5-0-0-1-1||12320|
136|136||3-5-0-0-1-1||12320|
137|137||3-5-0-0-1-1||57140|
138|138||3-5-0-0-1-1||55740|
139|139||3-5-0-0-1-1||12320|
140|140||3-5-0-0-1-1||12420|
141|141||3-5-0-0-1-1||12320|
142|142||3-5-0-0-1-1||131020|
143|143||3-5-0-0-1-1||12320|
144|144||3-5-0-0-1-1||33000|
145|145||3-5-0-0-1-1||3700|
146|146||3-5-0-0-1-1||6500|
147|147||3-5-0-0-1-1||6400|
148|148||3-5-0-0-1-1||124400|
149|149||3-5-0-0-1-1||12320|
150|150||3-5-0-0-1-1||12320|
151|151||3-5-0-0-1-1||12420|
152|152||3-5-0-0-1-1||12320|
153|153||3-5-0-0-1-1||16500|
154|154||3-5-0-0-1-1||3200|
155|155||3-5-0-0-1-1||86400|
156|156||3-5-0-0-1-1||28200|
157|157||3-5-0-0-1-1||24640|
158|158||3-5-0-0-1-1||12420|
159|159||3-5-0-0-1-1||12320|
160|160||3-5-0-0-1-1||18000|
161|161||3-5-0-0-1-1||12320|
162|162||3-5-0-0-1-1||309500|
163|163||3-5-0-0-1-1||16000|
164|164||3-5-0-0-1-1||28400|
165|165||3-5-0-0-1-1||25500|
166|166||3-5-0-0-1-1||29900|
167|167||3-5-0-0-1-1||29200|
168|168||3-5-0-0-1-1||89000|
169|169||3-5-0-0-1-1||24640|
170|170||3-5-0-0-1-1||12320|
171|171||3-5-0-0-1-1||82800|
172|172||3-5-0-0-1-1||12700|
173|173||3-5-0-0-1-1||37200|
174|174||3-5-0-0-1-1||29500|
175|175||3-5-0-0-1-1||49400|
176|176||3-5-0-0-1-1||12300|
177|177||3-5-0-0-1-1||12320|
178|178||3-5-0-0-1-1||12320|
179|179||3-5-0-0-1-1||93900|
180|180||3-5-0-0-1-1||12320|
181|181||3-5-0-0-1-1||12420|
182|182||3-5-0-0-1-1||19300|
183|183||3-5-0-0-1-1||12420|
184|184||3-5-0-0-1-1||24640|
185|185||3-5-0-0-1-1||139500|
186|186||3-5-0-0-1-1||12320|
187|187||3-5-0-0-1-1||55700|
188|188||3-5-0-0-1-1||102760|
189|189||3-5-0-0-1-1||165400|
190|190||3-5-0-0-1-1||12320|
191|191||3-5-0-0-1-1||12320|
192|192||3-5-0-0-1-1||74800|
193|193||3-5-0-0-1-1||28800|
194|194||3-5-0-0-1-1||26920|
195|195||3-5-0-0-1-1||141180|
196|196||3-5-0-0-1-1||12300|
197|197||3-5-0-0-1-1||2500|
198|198||3-5-0-0-1-1||6150|
199|199||3-5-0-0-1-1||66300|
200|200||3-5-0-0-1-1||7211920|
