1|1||3-5-0-0-1-1||25400|
2|2||3-5-0-0-1-1||60800|
3|3||3-5-0-0-1-1||98560|
4|4||3-5-0-0-1-1||683880|
5|5||3-5-0-0-1-1||105|
6|6||3-5-0-0-1-1||3100|
7|7||3-5-0-0-1-1||3100|
8|8||3-5-0-0-1-1||12320|
9|9||3-5-0-0-1-1||37160|
10|10||3-5-0-0-1-1||24640|
11|11||3-5-0-0-1-1||16700|
12|12||3-5-0-0-1-1||170620|
13|13||3-5-0-0-1-1||16500|
14|14||3-5-0-0-1-1||12420|
15|15||3-5-0-0-1-1||12320|
16|16||3-5-0-0-1-1||12320|
17|17||3-5-0-0-1-1||71100|
18|18||3-5-0-0-1-1||5500|
19|19||3-5-0-0-1-1||5600|
20|20||3-5-0-0-1-1||124100|
21|21||3-5-0-0-1-1||5400|
22|22||3-5-0-0-1-1||12320|
23|23||3-5-0-0-1-1||12320|
24|24||3-5-0-0-1-1||24740|
25|25||3-5-0-0-1-1||12200|
26|26||3-5-0-0-1-1||24740|
27|27||3-5-0-0-1-1||12320|
28|28||3-5-0-0-1-1||6200|
29|29||3-5-0-0-1-1||12400|
30|30||3-5-0-0-1-1||40800|
31|31||3-5-0-0-1-1||12320|
32|32||3-5-0-0-1-1||12400|
33|33||3-5-0-0-1-1||95360|
34|34||3-5-0-0-1-1||136860|
35|35||3-5-0-0-1-1||227320|
36|36||3-5-0-0-1-1||140030|
37|37||3-5-0-0-1-1||161460|
38|38||3-5-0-0-1-1||105|
39|39||3-5-0-0-1-1||41067|
40|40||3-5-0-0-1-1||2565200|
41|41||3-5-0-0-1-1||52200|
42|42||3-5-0-0-1-1||107400|
43|43||3-5-0-0-1-1||27800|
44|44||3-5-0-0-1-1||27800|
45|45||3-5-0-0-1-1||27800|
46|46||3-5-0-0-1-1||70000|
47|47||3-5-0-0-1-1||28800|
48|48||3-5-0-0-1-1||27500|
49|49||3-5-0-0-1-1||27700|
50|50||3-5-0-0-1-1||27800|
51|51||3-5-0-0-1-1||28400|
52|52||3-5-0-0-1-1||70100|
53|53||3-5-0-0-1-1||28100|
54|54||3-5-0-0-1-1||27900|
55|55||3-5-0-0-1-1||28000|
56|56||3-5-0-0-1-1||28100|
57|57||3-5-0-0-1-1||43400|
58|58||3-5-0-0-1-1||28300|
59|59||3-5-0-0-1-1||28000|
60|60||3-5-0-0-1-1||27900|
61|61||3-5-0-0-1-1||28800|
62|62||3-5-0-0-1-1||28800|
63|63||3-5-0-0-1-1||28600|
64|64||3-5-0-0-1-1||70600|
65|65||3-5-0-0-1-1||28900|
66|66||3-5-0-0-1-1||27700|
67|67||3-5-0-0-1-1||27700|
68|68||3-5-0-0-1-1||27800|
69|69||3-5-0-0-1-1||28300|
70|70||3-5-0-0-1-1||70200|
71|71||3-5-0-0-1-1||28500|
72|72||3-5-0-0-1-1||28100|
73|73||3-5-0-0-1-1||42900|
74|74||3-5-0-0-1-1||27800|
75|75||3-5-0-0-1-1||28000|
76|76||3-5-0-0-1-1||28000|
77|77||3-5-0-0-1-1||28200|
78|78||3-5-0-0-1-1||27900|
79|79||3-5-0-0-1-1||42800|
80|80||3-5-0-0-1-1||27900|
81|81||3-5-0-0-1-1||28600|
82|82||3-5-0-0-1-1||28900|
83|83||3-5-0-0-1-1||12600|
84|84||3-5-0-0-1-1||340700|
85|85||3-5-0-0-1-1||120000|
86|86||3-5-0-0-1-1||1570500|
87|87||3-5-0-0-1-1||140000|
88|88||3-5-0-0-1-1||2267500|
89|89||3-5-0-0-1-1||3604500|
90|90||3-5-0-0-1-1||28340|
91|91||3-5-0-0-1-1||377700|
92|92||3-5-0-0-1-1||244000|
93|93||3-5-0-0-1-1||120000|
94|94||3-5-0-0-1-1||6200|
95|95||3-5-0-0-1-1||42320|
96|96||3-5-0-0-1-1||12300|
97|97||3-5-0-0-1-1||134100|
98|98||3-5-0-0-1-1||12420|
99|99||3-5-0-0-1-1||1617300|
100|100||3-5-0-0-1-1||322200|
101|101||3-5-0-0-1-1||11200|
102|102||3-5-0-0-1-1||13600|
103|103||3-5-0-0-1-1||448220|
104|104||3-5-0-0-1-1||42400|
105|105||3-5-0-0-1-1||13600|
106|106||3-5-0-0-1-1||12320|
107|107||3-5-0-0-1-1||89000|
108|108||3-5-0-0-1-1||12320|
109|109||3-5-0-0-1-1||88160|
