1|1||3-5-0-0-1-1||184960|
2|2||3-5-0-0-1-1||5000|
3|3||3-5-0-0-1-1||12320|
4|4||3-5-0-0-1-1||12520|
5|5||3-5-0-0-1-1||61600|
6|6||3-5-0-0-1-1||3100|
7|7||3-5-0-0-1-1||5440|
8|8||3-5-0-0-1-1||197900|
9|9||3-5-0-0-1-1||13000|
10|10||3-5-0-0-1-1||12840|
11|11||3-5-0-0-1-1||24640|
12|12||3-5-0-0-1-1||912700|
13|13||3-5-0-0-1-1||12320|
14|14||3-5-0-0-1-1||18600|
15|15||3-5-0-0-1-1||76600|
16|16||3-5-0-0-1-1||478912|
17|17||3-5-0-0-1-1||24640|
18|18||3-5-0-0-1-1||21100|
19|19||3-5-0-0-1-1||19300|
20|20||3-5-0-0-1-1||138420|
21|21||3-5-0-0-1-1||5157900|
22|22||3-5-0-0-1-1||12320|
23|23||3-5-0-0-1-1||12420|
24|24||3-5-0-0-1-1||12700|
25|25||3-5-0-0-1-1||24640|
26|26||3-5-0-0-1-1||91700|
27|27||3-5-0-0-1-1||446540|
28|28||3-5-0-0-1-1||12320|
29|29||3-5-0-0-1-1||123200|
30|30||3-5-0-0-1-1||13100|
31|31||3-5-0-0-1-1||49280|
32|32||3-5-0-0-1-1||98560|
33|33||3-5-0-0-1-1||12320|
34|34||3-5-0-0-1-1||24640|
35|35||3-5-0-0-1-1||12320|
36|36||3-5-0-0-1-1||3700|
37|37||3-5-0-0-1-1||2500|
38|38||3-5-0-0-1-1||56707|
39|39||3-5-0-0-1-1||61900|
40|40||3-5-0-0-1-1||12320|
41|41||3-5-0-0-1-1||13800|
42|42||3-5-0-0-1-1||14000|
43|43||3-5-0-0-1-1||12320|
44|44||3-5-0-0-1-1||12620|
45|45||3-5-0-0-1-1||49680|
46|46||3-5-0-0-1-1||226420|
47|47||3-5-0-0-1-1||3700|
48|48||3-5-0-0-1-1||62100|
49|49||3-5-0-0-1-1||12320|
50|50||3-5-0-0-1-1||12320|
51|51||3-5-0-0-1-1||61600|
52|52||3-5-0-0-1-1||12420|
53|53||3-5-0-0-1-1||177600|
54|54||3-5-0-0-1-1||25040|
55|55||3-5-0-0-1-1||12320|
56|56||3-5-0-0-1-1||4940|
57|57||3-5-0-0-1-1||12320|
58|58||3-5-0-0-1-1||8220|
59|59||3-5-0-0-1-1||13300|
60|60||3-5-0-0-1-1||15800|
61|61||3-5-0-0-1-1||12320|
62|62||3-5-0-0-1-1||37700|
63|63||3-5-0-0-1-1||427648|
64|64||3-5-0-0-1-1||12400|
65|65||3-5-0-0-1-1||12320|
66|66||3-5-0-0-1-1||9490|
67|67||3-5-0-0-1-1||12420|
68|68||3-5-0-0-1-1||37740|
69|69||3-5-0-0-1-1||74400|
70|70||3-5-0-0-1-1||40000|
71|71||3-5-0-0-1-1||24740|
72|72||3-5-0-0-1-1||24640|
73|73||3-5-0-0-1-1||65260|
74|74||3-5-0-0-1-1||3800|
75|75||3-5-0-0-1-1||12600|
76|76||3-5-0-0-1-1||12420|
77|77||3-5-0-0-1-1||85620|
78|78||3-5-0-0-1-1||24740|
79|79||3-5-0-0-1-1||12320|
80|80||3-5-0-0-1-1||61600|
81|81||3-5-0-0-1-1||68720|
82|82||3-5-0-0-1-1||54780|
83|83||3-5-0-0-1-1||24740|
84|84||3-5-0-0-1-1||12320|
85|85||3-5-0-0-1-1||12320|
86|86||3-5-0-0-1-1||36960|
87|87||3-5-0-0-1-1||12320|
88|88||3-5-0-0-1-1||24740|
89|89||3-5-0-0-1-1||24840|
90|90||3-5-0-0-1-1||37060|
91|91||3-5-0-0-1-1||12320|
92|92||3-5-0-0-1-1||24640|
93|93||3-5-0-0-1-1||25440|
94|94||3-5-0-0-1-1||24740|
95|95||3-5-0-0-1-1||62200|
96|96||3-5-0-0-1-1||12420|
97|97||3-5-0-0-1-1||12720|
98|98||3-5-0-0-1-1||12320|
99|99||3-5-0-0-1-1||24740|
100|100||3-5-0-0-1-1||12320|
101|101||3-5-0-0-1-1||80100|
102|102||3-5-0-0-1-1||12320|
103|103||3-5-0-0-1-1||12320|
104|104||3-5-0-0-1-1||12320|
105|105||3-5-0-0-1-1||24640|
106|106||3-5-0-0-1-1||37160|
107|107||3-5-0-0-1-1||12320|
108|108||3-5-0-0-1-1||12320|
109|109||3-5-0-0-1-1||12320|
110|110||3-5-0-0-1-1||12320|
111|111||3-5-0-0-1-1||12320|
112|112||3-5-0-0-1-1||12320|
113|113||3-5-0-0-1-1||12320|
114|114||3-5-0-0-1-1||51780|
115|115||3-5-0-0-1-1||12320|
116|116||3-5-0-0-1-1||12320|
117|117||3-5-0-0-1-1||12420|
118|118||3-5-0-0-1-1||123200|
119|119||3-5-0-0-1-1||420|
120|120||3-5-0-0-1-1||22000|
121|121||3-5-0-0-1-1||26320|
122|122||3-5-0-0-1-1||12620|
123|123||3-5-0-0-1-1||12600|
124|124||3-5-0-0-1-1||12300|
125|125||3-5-0-0-1-1||12320|
126|126||3-5-0-0-1-1||4000|
127|127||3-5-0-0-1-1||25400|
128|128||3-5-0-0-1-1||544620|
129|129||3-5-0-0-1-1||12320|
130|130||3-5-0-0-1-1||37640|
131|131||3-5-0-0-1-1||18600|
132|132||3-5-0-0-1-1||68300|
133|133||3-5-0-0-1-1||40600|
134|134||3-5-0-0-1-1||12420|
135|135||3-5-0-0-1-1||40320|
136|136||3-5-0-0-1-1||21800|
137|137||3-5-0-0-1-1||246000|
138|138||3-5-0-0-1-1||93000|
139|139||3-5-0-0-1-1||117080|
140|140||3-5-0-0-1-1||12320|
141|141||3-5-0-0-1-1||26800|
142|142||3-5-0-0-1-1||12320|
143|143||3-5-0-0-1-1||12320|
144|144||3-5-0-0-1-1||62320|
145|145||3-5-0-0-1-1||209440|
146|146||3-5-0-0-1-1||314700|
147|147||3-5-0-0-1-1||12320|
148|148||3-5-0-0-1-1||258720|
149|149||3-5-0-0-1-1||26000|
150|150||3-5-0-0-1-1||12420|
151|151||3-5-0-0-1-1||12320|
152|152||3-5-0-0-1-1||15800|
153|153||3-5-0-0-1-1||48060|
154|154||3-5-0-0-1-1||31849040|
155|155||3-5-0-0-1-1||12320|
156|156||3-5-0-0-1-1||822|
157|157||3-5-0-0-1-1||12320|
158|158||3-5-0-0-1-1||449400|
159|159||3-5-0-0-1-1||4500|
160|160||3-5-0-0-1-1||12720|
161|161||3-5-0-0-1-1||281220|
162|162||3-5-0-0-1-1||175640|
163|163||3-5-0-0-1-1||12320|
164|164||3-5-0-0-1-1||12900|
165|165||3-5-0-0-1-1||12620|
166|166||3-5-0-0-1-1||13200|
167|167||3-5-0-0-1-1||98560|
168|168||3-5-0-0-1-1||18480|
169|169||3-5-0-0-1-1||59200|
170|170||3-5-0-0-1-1||12320|
171|171||3-5-0-0-1-1||12320|
172|172||3-5-0-0-1-1||133100|
173|173||3-5-0-0-1-1||12320|
174|174||3-5-0-0-1-1||200|
175|175||3-5-0-0-1-1||73920|
176|176||3-5-0-0-1-1||24640|
177|177||3-5-0-0-1-1||1643|
178|178||3-5-0-0-1-1||12320|
179|179||3-5-0-0-1-1||150800|
180|180||3-5-0-0-1-1||16500|
181|181||3-5-0-0-1-1||18100|
182|182||3-5-0-0-1-1||12320|
183|183||3-5-0-0-1-1||9300|
184|184||3-5-0-0-1-1||55300|
185|185||3-5-0-0-1-1||12320|
186|186||3-5-0-0-1-1||13560|
187|187||3-5-0-0-1-1||12320|
188|188||3-5-0-0-1-1||12320|
189|189||3-5-0-0-1-1||12420|
190|190||3-5-0-0-1-1||12420|
191|191||3-5-0-0-1-1||7200|
192|192||3-5-0-0-1-1||12320|
193|193||3-5-0-0-1-1||108900|
194|194||3-5-0-0-1-1||7803|
195|195||3-5-0-0-1-1||18580|
196|196||3-5-0-0-1-1||8070800|
197|197||3-5-0-0-1-1||6260|
198|198||3-5-0-0-1-1||12400|
199|199||3-5-0-0-1-1||49280|
200|200||3-5-0-0-1-1||50400|
