1|1||3-5-0-0-1-1||196000|
2|2||3-5-0-0-1-1||12320|
3|3||3-5-0-0-1-1||36960|
4|4||3-5-0-0-1-1||303300|
5|5||3-5-0-0-1-1||49280|
6|6||3-5-0-0-1-1||182900|
7|7||3-5-0-0-1-1||12320|
8|8||3-5-0-0-1-1||12900|
9|9||3-5-0-0-1-1||12320|
10|10||3-5-0-0-1-1||112100|
11|11||3-5-0-0-1-1||136000|
12|12||3-5-0-0-1-1||2809100|
13|13||3-5-0-0-1-1||2618700|
14|14||3-5-0-0-1-1||23800|
15|15||3-5-0-0-1-1||12320|
16|16||3-5-0-0-1-1||12320|
17|17||3-5-0-0-1-1||32100|
18|18||3-5-0-0-1-1||73446|
19|19||3-5-0-0-1-1||12420|
20|20||3-5-0-0-1-1||10156|
21|21||3-5-0-0-1-1||12320|
22|22||3-5-0-0-1-1||36960|
23|23||3-5-0-0-1-1||12320|
24|24||3-5-0-0-1-1||12320|
25|25||3-5-0-0-1-1||12320|
26|26||3-5-0-0-1-1||12320|
27|27||3-5-0-0-1-1||24640|
28|28||3-5-0-0-1-1||15200|
29|29||3-5-0-0-1-1||12320|
30|30||3-5-0-0-1-1||36960|
31|31||3-5-0-0-1-1||25240|
32|32||3-5-0-0-1-1||12620|
33|33||3-5-0-0-1-1||24640|
34|34||3-5-0-0-1-1||12420|
35|35||3-5-0-0-1-1||24640|
36|36||3-5-0-0-1-1||12420|
37|37||3-5-0-0-1-1||1643|
38|38||3-5-0-0-1-1||840|
39|39||3-5-0-0-1-1||12320|
40|40||3-5-0-0-1-1||15200|
41|41||3-5-0-0-1-1||6300|
42|42||3-5-0-0-1-1||12320|
43|43||3-5-0-0-1-1||12320|
44|44||3-5-0-0-1-1||24740|
45|45||3-5-0-0-1-1||4200|
46|46||3-5-0-0-1-1||18620|
47|47||3-5-0-0-1-1||16100|
48|48||3-5-0-0-1-1||12320|
49|49||3-5-0-0-1-1||137420|
50|50||3-5-0-0-1-1||19600|
51|51||3-5-0-0-1-1||12320|
52|52||3-5-0-0-1-1||12420|
53|53||3-5-0-0-1-1||12420|
54|54||3-5-0-0-1-1||12320|
55|55||3-5-0-0-1-1||12320|
56|56||3-5-0-0-1-1||25840|
57|57||3-5-0-0-1-1||24800|
58|58||3-5-0-0-1-1||24640|
59|59||3-5-0-0-1-1||12320|
60|60||3-5-0-0-1-1||24640|
61|61||3-5-0-0-1-1||12320|
62|62||3-5-0-0-1-1||12320|
63|63||3-5-0-0-1-1||12320|
64|64||3-5-0-0-1-1||184800|
65|65||3-5-0-0-1-1||12320|
66|66||3-5-0-0-1-1||330640|
67|67||3-5-0-0-1-1||235100|
68|68||3-5-0-0-1-1||12320|
69|69||3-5-0-0-1-1||12320|
70|70||3-5-0-0-1-1||37160|
71|71||3-5-0-0-1-1||326920|
72|72||3-5-0-0-1-1||12420|
73|73||3-5-0-0-1-1||13700|
74|74||3-5-0-0-1-1||252800|
75|75||3-5-0-0-1-1||12300|
76|76||3-5-0-0-1-1||9900|
77|77||3-5-0-0-1-1||12320|
78|78||3-5-0-0-1-1||12320|
79|79||3-5-0-0-1-1||12320|
80|80||3-5-0-0-1-1||12320|
81|81||3-5-0-0-1-1||12420|
82|82||3-5-0-0-1-1||822|
83|83||3-5-0-0-1-1||12320|
84|84||3-5-0-0-1-1||20000|
85|85||3-5-0-0-1-1||420|
86|86||3-5-0-0-1-1||24640|
87|87||3-5-0-0-1-1||184114|
88|88||3-5-0-0-1-1||12320|
89|89||3-5-0-0-1-1||12420|
90|90||3-5-0-0-1-1||12420|
91|91||3-5-0-0-1-1||12320|
92|92||3-5-0-0-1-1||18000|
93|93||3-5-0-0-1-1||371000|
94|94||3-5-0-0-1-1||111600|
95|95||3-5-0-0-1-1||12320|
96|96||3-5-0-0-1-1||1258000|
97|97||3-5-0-0-1-1||324020|
98|98||3-5-0-0-1-1||37060|
99|99||3-5-0-0-1-1||37160|
100|100||3-5-0-0-1-1||6160|
101|101||3-5-0-0-1-1||394100|
102|102||3-5-0-0-1-1||282000|
103|103||3-5-0-0-1-1||547900|
104|104||3-5-0-0-1-1||112100|
105|105||3-5-0-0-1-1||68400|
106|106||3-5-0-0-1-1||18000|
107|107||3-5-0-0-1-1||224740|
108|108||3-5-0-0-1-1||12420|
109|109||3-5-0-0-1-1||64900|
110|110||3-5-0-0-1-1||63680|
111|111||3-5-0-0-1-1||773280|
112|112||3-5-0-0-1-1||592100|
113|113||3-5-0-0-1-1||1140780|
114|114||3-5-0-0-1-1||12320|
115|115||3-5-0-0-1-1||3080|
116|116||3-5-0-0-1-1||31240|
117|117||3-5-0-0-1-1||36960|
118|118||3-5-0-0-1-1||12320|
119|119||3-5-0-0-1-1||15000|
120|120||3-5-0-0-1-1||1310500|
121|121||3-5-0-0-1-1||70140|
122|122||3-5-0-0-1-1||37060|
123|123||3-5-0-0-1-1||12500|
124|124||3-5-0-0-1-1||156980|
125|125||3-5-0-0-1-1||12320|
126|126||3-5-0-0-1-1||12320|
127|127||3-5-0-0-1-1||12320|
128|128||3-5-0-0-1-1||38020|
129|129||3-5-0-0-1-1||26000|
130|130||3-5-0-0-1-1||389600|
131|131||3-5-0-0-1-1||3797100|
132|132||3-5-0-0-1-1||12300|
133|133||3-5-0-0-1-1||67020|
134|134||3-5-0-0-1-1||79760|
135|135||3-5-0-0-1-1||12320|
136|136||3-5-0-0-1-1||11340|
137|137||3-5-0-0-1-1||12320|
138|138||3-5-0-0-1-1||24640|
139|139||3-5-0-0-1-1||12300|
140|140||3-5-0-0-1-1||10720|
141|141||3-5-0-0-1-1||11440|
142|142||3-5-0-0-1-1||12320|
143|143||3-5-0-0-1-1||32100|
144|144||3-5-0-0-1-1||12320|
145|145||3-5-0-0-1-1||42040|
146|146||3-5-0-0-1-1||12320|
147|147||3-5-0-0-1-1||12320|
148|148||3-5-0-0-1-1||12320|
149|149||3-5-0-0-1-1||12320|
150|150||3-5-0-0-1-1||12320|
151|151||3-5-0-0-1-1||24740|
152|152||3-5-0-0-1-1||12320|
153|153||3-5-0-0-1-1||48840|
154|154||3-5-0-0-1-1||27740|
155|155||3-5-0-0-1-1||12420|
156|156||3-5-0-0-1-1||1086300|
157|157||3-5-0-0-1-1||12320|
158|158||3-5-0-0-1-1||4654660|
159|159||3-5-0-0-1-1||171800|
160|160||3-5-0-0-1-1||714900|
161|161||3-5-0-0-1-1||1702300|
162|162||3-5-0-0-1-1||49480|
163|163||3-5-0-0-1-1||112100|
164|164||3-5-0-0-1-1||12400|
165|165||3-5-0-0-1-1||12320|
166|166||3-5-0-0-1-1||70520|
167|167||3-5-0-0-1-1||276400|
168|168||3-5-0-0-1-1||6983800|
169|169||3-5-0-0-1-1||25461|
170|170||3-5-0-0-1-1||24740|
171|171||3-5-0-0-1-1||390400|
172|172||3-5-0-0-1-1||12320|
173|173||3-5-0-0-1-1||224540|
174|174||3-5-0-0-1-1||12420|
175|175||3-5-0-0-1-1||214300|
176|176||3-5-0-0-1-1||24640|
177|177||3-5-0-0-1-1||36960|
178|178||3-5-0-0-1-1||20800|
179|179||3-5-0-0-1-1||16200|
180|180||3-5-0-0-1-1||20500|
181|181||3-5-0-0-1-1||11200|
182|182||3-5-0-0-1-1||18300|
183|183||3-5-0-0-1-1||16700|
184|184||3-5-0-0-1-1||17600|
185|185||3-5-0-0-1-1||16300|
186|186||3-5-0-0-1-1||122500|
187|187||3-5-0-0-1-1||620|
188|188||3-5-0-0-1-1||620|
189|189||3-5-0-0-1-1||39480|
190|190||3-5-0-0-1-1||13020|
191|191||3-5-0-0-1-1||974700|
192|192||3-5-0-0-1-1||183100|
193|193||3-5-0-0-1-1||132200|
194|194||3-5-0-0-1-1||794400|
195|195||3-5-0-0-1-1||239920|
196|196||3-5-0-0-1-1||84|
197|197||3-5-0-0-1-1||153680|
198|198||3-5-0-0-1-1||35600|
199|199||3-5-0-0-1-1||198943|
200|200||3-5-0-0-1-1||98560|
