1|1||3-5-0-0-1-1||3080|
2|2||3-5-0-0-1-1||8624|
3|3||3-5-0-0-1-1||840560|
4|4||3-5-0-0-1-1||257860|
5|5||3-5-0-0-1-1||1170380|
6|6||3-5-0-0-1-1||12400|
7|7||3-5-0-0-1-1||292000|
8|8||3-5-0-0-1-1||472300|
9|9||3-5-0-0-1-1||39600|
10|10||3-5-0-0-1-1||12400|
11|11||3-5-0-0-1-1||18000|
12|12||3-5-0-0-1-1||12620|
13|13||3-5-0-0-1-1||216700|
14|14||3-5-0-0-1-1||1672600|
15|15||3-5-0-0-1-1||175200|
16|16||3-5-0-0-1-1||160200|
17|17||3-5-0-0-1-1||25020|
18|18||3-5-0-0-1-1||50100|
19|19||3-5-0-0-1-1||20770|
20|20||3-5-0-0-1-1||49280|
21|21||3-5-0-0-1-1||43900|
22|22||3-5-0-0-1-1||10400|
23|23||3-5-0-0-1-1||16404060|
24|24||3-5-0-0-1-1||374200|
25|25||3-5-0-0-1-1||450580|
26|26||3-5-0-0-1-1||948167|
27|27||3-5-0-0-1-1||19500|
28|28||3-5-0-0-1-1||32400|
29|29||3-5-0-0-1-1||24700|
30|30||3-5-0-0-1-1||12420|
31|31||3-5-0-0-1-1||12720|
32|32||3-5-0-0-1-1||314720|
33|33||3-5-0-0-1-1||160000|
34|34||3-5-0-0-1-1||16500|
35|35||3-5-0-0-1-1||37260|
36|36||3-5-0-0-1-1||112300|
37|37||3-5-0-0-1-1||13660|
38|38||3-5-0-0-1-1||139260|
39|39||3-5-0-0-1-1||984900|
40|40||3-5-0-0-1-1||6200|
41|41||3-5-0-0-1-1||12320|
42|42||3-5-0-0-1-1||125200|
43|43||3-5-0-0-1-1||220560|
44|44||3-5-0-0-1-1||33500|
45|45||3-5-0-0-1-1||11340|
46|46||3-5-0-0-1-1||288400|
47|47||3-5-0-0-1-1||16000|
48|48||3-5-0-0-1-1||16000|
49|49||3-5-0-0-1-1||60420|
50|50||3-5-0-0-1-1||12320|
51|51||3-5-0-0-1-1||124000|
52|52||3-5-0-0-1-1||144200|
53|53||3-5-0-0-1-1||12320|
54|54||3-5-0-0-1-1||6300|
55|55||3-5-0-0-1-1||4822900|
56|56||3-5-0-0-1-1||12320|
57|57||3-5-0-0-1-1||12320|
58|58||3-5-0-0-1-1||12320|
59|59||3-5-0-0-1-1||1260|
60|60||3-5-0-0-1-1||1260|
61|61||3-5-0-0-1-1||1643|
62|62||3-5-0-0-1-1||49280|
63|63||3-5-0-0-1-1||34020|
64|64||3-5-0-0-1-1||822|
65|65||3-5-0-0-1-1||13660|
66|66||3-5-0-0-1-1||12400|
67|67||3-5-0-0-1-1||2520|
68|68||3-5-0-0-1-1||283360|
69|69||3-5-0-0-1-1||12320|
70|70||3-5-0-0-1-1||12320|
71|71||3-5-0-0-1-1||12500|
72|72||3-5-0-0-1-1||12320|
73|73||3-5-0-0-1-1||24640|
74|74||3-5-0-0-1-1||83820|
75|75||3-5-0-0-1-1||12320|
76|76||3-5-0-0-1-1||12320|
77|77||3-5-0-0-1-1||12320|
78|78||3-5-0-0-1-1||75040|
79|79||3-5-0-0-1-1||34086|
80|80||3-5-0-0-1-1||12420|
81|81||3-5-0-0-1-1||12620|
82|82||3-5-0-0-1-1||12320|
83|83||3-5-0-0-1-1||39500|
84|84||3-5-0-0-1-1||38700|
85|85||3-5-0-0-1-1||8220|
86|86||3-5-0-0-1-1||193540|
87|87||3-5-0-0-1-1||65240|
88|88||3-5-0-0-1-1||35100|
89|89||3-5-0-0-1-1||36960|
90|90||3-5-0-0-1-1||49480|
91|91||3-5-0-0-1-1||12320|
92|92||3-5-0-0-1-1||75160|
93|93||3-5-0-0-1-1||12320|
94|94||3-5-0-0-1-1||29300|
95|95||3-5-0-0-1-1||690000|
96|96||3-5-0-0-1-1||12320|
97|97||3-5-0-0-1-1||12320|
98|98||3-5-0-0-1-1||14000|
99|99||3-5-0-0-1-1||16000|
100|100||3-5-0-0-1-1||36960|
101|101||3-5-0-0-1-1||10261|
102|102||3-5-0-0-1-1||36900|
103|103||3-5-0-0-1-1||6200|
104|104||3-5-0-0-1-1||12320|
105|105||3-5-0-0-1-1||12320|
106|106||3-5-0-0-1-1||2666|
107|107||3-5-0-0-1-1||35500|
108|108||3-5-0-0-1-1||12400|
109|109||3-5-0-0-1-1||63100|
110|110||3-5-0-0-1-1||22430|
111|111||3-5-0-0-1-1||59240|
112|112||3-5-0-0-1-1||101560|
113|113||3-5-0-0-1-1||12320|
114|114||3-5-0-0-1-1||9446|
115|115||3-5-0-0-1-1||15100|
116|116||3-5-0-0-1-1||15800|
117|117||3-5-0-0-1-1||17900|
118|118||3-5-0-0-1-1||18600|
119|119||3-5-0-0-1-1||17600|
120|120||3-5-0-0-1-1||14100|
121|121||3-5-0-0-1-1||12320|
122|122||3-5-0-0-1-1||20000|
123|123||3-5-0-0-1-1||2800|
124|124||3-5-0-0-1-1||1399900|
125|125||3-5-0-0-1-1||200800|
126|126||3-5-0-0-1-1||715300|
127|127||3-5-0-0-1-1||1907400|
128|128||3-5-0-0-1-1||836500|
129|129||3-5-0-0-1-1||12320|
130|130||3-5-0-0-1-1||12320|
131|131||3-5-0-0-1-1||12320|
132|132||3-5-0-0-1-1||6422520|
133|133||3-5-0-0-1-1||3030400|
134|134||3-5-0-0-1-1||53100|
135|135||3-5-0-0-1-1||82820|
136|136||3-5-0-0-1-1||250000|
137|137||3-5-0-0-1-1||254200|
138|138||3-5-0-0-1-1||12420|
139|139||3-5-0-0-1-1||12320|
140|140||3-5-0-0-1-1||12620|
141|141||3-5-0-0-1-1||12320|
142|142||3-5-0-0-1-1||3100|
143|143||3-5-0-0-1-1||52940|
144|144||3-5-0-0-1-1||10300|
145|145||3-5-0-0-1-1||93440|
146|146||3-5-0-0-1-1||13000|
147|147||3-5-0-0-1-1||12320|
148|148||3-5-0-0-1-1||12520|
149|149||3-5-0-0-1-1||50000|
150|150||3-5-0-0-1-1||24640|
151|151||3-5-0-0-1-1||12420|
152|152||3-5-0-0-1-1||12320|
153|153||3-5-0-0-1-1||51300|
154|154||3-5-0-0-1-1||2502|
155|155||3-5-0-0-1-1||249820|
156|156||3-5-0-0-1-1||12320|
157|157||3-5-0-0-1-1||12420|
158|158||3-5-0-0-1-1||12420|
159|159||3-5-0-0-1-1||74900|
160|160||3-5-0-0-1-1||74900|
161|161||3-5-0-0-1-1||24740|
162|162||3-5-0-0-1-1||12420|
163|163||3-5-0-0-1-1||12320|
164|164||3-5-0-0-1-1||25240|
165|165||3-5-0-0-1-1||37060|
166|166||3-5-0-0-1-1||40660|
167|167||3-5-0-0-1-1||24740|
168|168||3-5-0-0-1-1||69680|
169|169||3-5-0-0-1-1||3100|
170|170||3-5-0-0-1-1||26220|
171|171||3-5-0-0-1-1||24740|
172|172||3-5-0-0-1-1||24640|
173|173||3-5-0-0-1-1||12320|
174|174||3-5-0-0-1-1||13600|
175|175||3-5-0-0-1-1||12420|
176|176||3-5-0-0-1-1||100940|
177|177||3-5-0-0-1-1||52500|
178|178||3-5-0-0-1-1||12320|
179|179||3-5-0-0-1-1||12320|
180|180||3-5-0-0-1-1||3100|
181|181||3-5-0-0-1-1||12320|
182|182||3-5-0-0-1-1||12320|
183|183||3-5-0-0-1-1||12320|
184|184||3-5-0-0-1-1||24640|
185|185||3-5-0-0-1-1||172000|
186|186||3-5-0-0-1-1||80960|
187|187||3-5-0-0-1-1||24740|
188|188||3-5-0-0-1-1||49280|
189|189||3-5-0-0-1-1||12420|
190|190||3-5-0-0-1-1||12320|
191|191||3-5-0-0-1-1||24740|
192|192||3-5-0-0-1-1||24740|
193|193||3-5-0-0-1-1||12320|
194|194||3-5-0-0-1-1||12320|
195|195||3-5-0-0-1-1||12420|
196|196||3-5-0-0-1-1||28340|
197|197||3-5-0-0-1-1||12320|
198|198||3-5-0-0-1-1||12320|
199|199||3-5-0-0-1-1||12420|
200|200||3-5-0-0-1-1||12320|
