1|1||3-5-0-0-1-1||101000|
2|2||3-5-0-0-1-1||11340|
3|3||3-5-0-0-1-1||12300|
4|4||3-5-0-0-1-1||924480|
5|5||3-5-0-0-1-1||12320|
6|6||3-5-0-0-1-1||6600|
7|7||3-5-0-0-1-1||24640|
8|8||3-5-0-0-1-1||24640|
9|9||3-5-0-0-1-1||50940|
10|10||3-5-0-0-1-1||309500|
11|11||3-5-0-0-1-1||12300|
12|12||3-5-0-0-1-1||2238800|
13|13||3-5-0-0-1-1||20000|
14|14||3-5-0-0-1-1||16700|
15|15||3-5-0-0-1-1||701700|
16|16||3-5-0-0-1-1||56400|
17|17||3-5-0-0-1-1||420|
18|18||3-5-0-0-1-1||15520|
19|19||3-5-0-0-1-1||13400|
20|20||3-5-0-0-1-1||174000|
21|21||3-5-0-0-1-1||165200|
22|22||3-5-0-0-1-1||120100|
23|23||3-5-0-0-1-1||1072900|
24|24||3-5-0-0-1-1||12320|
25|25||3-5-0-0-1-1||455100|
26|26||3-5-0-0-1-1||19420|
27|27||3-5-0-0-1-1||603500|
28|28||3-5-0-0-1-1||332900|
29|29||3-5-0-0-1-1||128040|
30|30||3-5-0-0-1-1||6200|
31|31||3-5-0-0-1-1||83600|
32|32||3-5-0-0-1-1||8100|
33|33||3-5-0-0-1-1||53100|
34|34||3-5-0-0-1-1||388900|
35|35||3-5-0-0-1-1||6000|
36|36||3-5-0-0-1-1||778100|
37|37||3-5-0-0-1-1||214700|
38|38||3-5-0-0-1-1||14100|
39|39||3-5-0-0-1-1||9035|
40|40||3-5-0-0-1-1||159400|
41|41||3-5-0-0-1-1||12320|
42|42||3-5-0-0-1-1||50000|
43|43||3-5-0-0-1-1||213340|
44|44||3-5-0-0-1-1||12320|
45|45||3-5-0-0-1-1||12320|
46|46||3-5-0-0-1-1||12420|
47|47||3-5-0-0-1-1||162400|
48|48||3-5-0-0-1-1||1285446|
49|49||3-5-0-0-1-1||12720|
50|50||3-5-0-0-1-1||76500|
51|51||3-5-0-0-1-1||13500|
52|52||3-5-0-0-1-1||24640|
53|53||3-5-0-0-1-1||12320|
54|54||3-5-0-0-1-1||13320|
55|55||3-5-0-0-1-1||12320|
56|56||3-5-0-0-1-1||12720|
57|57||3-5-0-0-1-1||51120|
58|58||3-5-0-0-1-1||12300|
59|59||3-5-0-0-1-1||11900|
60|60||3-5-0-0-1-1||5800|
61|61||3-5-0-0-1-1||380300|
62|62||3-5-0-0-1-1||12320|
63|63||3-5-0-0-1-1||12320|
64|64||3-5-0-0-1-1||420|
65|65||3-5-0-0-1-1||12320|
66|66||3-5-0-0-1-1||12320|
67|67||3-5-0-0-1-1||12320|
68|68||3-5-0-0-1-1||49480|
69|69||3-5-0-0-1-1||10700|
70|70||3-5-0-0-1-1||19800|
71|71||3-5-0-0-1-1||1376200|
72|72||3-5-0-0-1-1||12320|
73|73||3-5-0-0-1-1||12620|
74|74||3-5-0-0-1-1||2190|
75|75||3-5-0-0-1-1||351400|
76|76||3-5-0-0-1-1||24000|
77|77||3-5-0-0-1-1||12320|
78|78||3-5-0-0-1-1||12320|
79|79||3-5-0-0-1-1||12320|
80|80||3-5-0-0-1-1||16200|
81|81||3-5-0-0-1-1||12600|
82|82||3-5-0-0-1-1||12320|
83|83||3-5-0-0-1-1||66800|
84|84||3-5-0-0-1-1||12620|
85|85||3-5-0-0-1-1||12400|
86|86||3-5-0-0-1-1||4928|
87|87||3-5-0-0-1-1||176360|
88|88||3-5-0-0-1-1||12320|
89|89||3-5-0-0-1-1||18100|
90|90||3-5-0-0-1-1||24740|
91|91||3-5-0-0-1-1||12320|
92|92||3-5-0-0-1-1||1007600|
93|93||3-5-0-0-1-1||3100|
94|94||3-5-0-0-1-1||12920|
95|95||3-5-0-0-1-1||136600|
96|96||3-5-0-0-1-1||11340|
97|97||3-5-0-0-1-1||38060|
98|98||3-5-0-0-1-1||129500|
99|99||3-5-0-0-1-1||359740|
100|100||3-5-0-0-1-1||314700|
101|101||3-5-0-0-1-1||246400|
102|102||3-5-0-0-1-1||25600|
103|103||3-5-0-0-1-1||12420|
104|104||3-5-0-0-1-1||336000|
105|105||3-5-0-0-1-1||64760|
106|106||3-5-0-0-1-1||24640|
107|107||3-5-0-0-1-1||12300|
108|108||3-5-0-0-1-1||345720|
109|109||3-5-0-0-1-1||131700|
110|110||3-5-0-0-1-1||158900|
111|111||3-5-0-0-1-1||161200|
112|112||3-5-0-0-1-1||56120|
113|113||3-5-0-0-1-1||163400|
114|114||3-5-0-0-1-1||24640|
115|115||3-5-0-0-1-1||129300|
116|116||3-5-0-0-1-1||79240|
117|117||3-5-0-0-1-1||119520|
118|118||3-5-0-0-1-1||49400|
119|119||3-5-0-0-1-1||55000|
120|120||3-5-0-0-1-1||52320|
121|121||3-5-0-0-1-1||104560|
122|122||3-5-0-0-1-1||12320|
123|123||3-5-0-0-1-1||28600|
124|124||3-5-0-0-1-1||1980400|
125|125||3-5-0-0-1-1||868000|
126|126||3-5-0-0-1-1||24700|
127|127||3-5-0-0-1-1||12500|
128|128||3-5-0-0-1-1||73800|
129|129||3-5-0-0-1-1||6638600|
130|130||3-5-0-0-1-1||154500|
131|131||3-5-0-0-1-1||202400|
132|132||3-5-0-0-1-1||297100|
133|133||3-5-0-0-1-1||131100|
134|134||3-5-0-0-1-1||188890|
135|135||3-5-0-0-1-1||234100|
136|136||3-5-0-0-1-1||161100|
137|137||3-5-0-0-1-1||3220600|
138|138||3-5-0-0-1-1||400|
139|139||3-5-0-0-1-1||12320|
140|140||3-5-0-0-1-1||12420|
141|141||3-5-0-0-1-1||12400|
142|142||3-5-0-0-1-1||115100|
143|143||3-5-0-0-1-1||74484|
144|144||3-5-0-0-1-1||49680|
145|145||3-5-0-0-1-1||12320|
146|146||3-5-0-0-1-1||36960|
147|147||3-5-0-0-1-1||86240|
148|148||3-5-0-0-1-1||12320|
149|149||3-5-0-0-1-1||3100|
150|150||3-5-0-0-1-1||13560|
151|151||3-5-0-0-1-1||12321|
152|152||3-5-0-0-1-1||8223|
153|153||3-5-0-0-1-1||12320|
154|154||3-5-0-0-1-1||80300|
155|155||3-5-0-0-1-1||12320|
156|156||3-5-0-0-1-1||1329|
157|157||3-5-0-0-1-1||12320|
158|158||3-5-0-0-1-1||39340|
159|159||3-5-0-0-1-1||24740|
160|160||3-5-0-0-1-1||12320|
161|161||3-5-0-0-1-1||12320|
162|162||3-5-0-0-1-1||98100|
163|163||3-5-0-0-1-1||126860|
164|164||3-5-0-0-1-1||12320|
165|165||3-5-0-0-1-1||16000|
166|166||3-5-0-0-1-1||61900|
167|167||3-5-0-0-1-1||49280|
168|168||3-5-0-0-1-1||62100|
169|169||3-5-0-0-1-1||12320|
170|170||3-5-0-0-1-1||132500|
171|171||3-5-0-0-1-1||42520|
172|172||3-5-0-0-1-1||21260|
173|173||3-5-0-0-1-1||233700|
174|174||3-5-0-0-1-1||12320|
175|175||3-5-0-0-1-1||2900|
176|176||3-5-0-0-1-1||12320|
177|177||3-5-0-0-1-1||27860|
178|178||3-5-0-0-1-1||12320|
179|179||3-5-0-0-1-1||12620|
180|180||3-5-0-0-1-1||12320|
181|181||3-5-0-0-1-1||24640|
182|182||3-5-0-0-1-1||12320|
183|183||3-5-0-0-1-1||6200|
184|184||3-5-0-0-1-1||12620|
185|185||3-5-0-0-1-1||150760|
186|186||3-5-0-0-1-1||12320|
187|187||3-5-0-0-1-1||12320|
188|188||3-5-0-0-1-1||344320|
189|189||3-5-0-0-1-1||59547|
190|190||3-5-0-0-1-1||6160|
191|191||3-5-0-0-1-1||12720|
192|192||3-5-0-0-1-1||840|
193|193||3-5-0-0-1-1||31100|
194|194||3-5-0-0-1-1||10340|
195|195||3-5-0-0-1-1||12320|
196|196||3-5-0-0-1-1||18020|
197|197||3-5-0-0-1-1||12320|
198|198||3-5-0-0-1-1||51700|
199|199||3-5-0-0-1-1||12420|
200|200||3-5-0-0-1-1||12320|
