1|1||3-5-0-0-1-1||37160|
2|2||3-5-0-0-1-1||36960|
3|3||3-5-0-0-1-1||24640|
4|4||3-5-0-0-1-1||165000|
5|5||3-5-0-0-1-1||21082|
6|6||3-5-0-0-1-1||12320|
7|7||3-5-0-0-1-1||896|
8|8||3-5-0-0-1-1||12320|
9|9||3-5-0-0-1-1||12320|
10|10||3-5-0-0-1-1||12320|
11|11||3-5-0-0-1-1||12320|
12|12||3-5-0-0-1-1||12320|
13|13||3-5-0-0-1-1||191154|
14|14||3-5-0-0-1-1||84200|
15|15||3-5-0-0-1-1||12300|
16|16||3-5-0-0-1-1||180000|
17|17||3-5-0-0-1-1||40040|
18|18||3-5-0-0-1-1||12320|
19|19||3-5-0-0-1-1||24640|
20|20||3-5-0-0-1-1||12420|
21|21||3-5-0-0-1-1||12320|
22|22||3-5-0-0-1-1||24640|
23|23||3-5-0-0-1-1||12320|
24|24||3-5-0-0-1-1||6000|
25|25||3-5-0-0-1-1||12320|
26|26||3-5-0-0-1-1||12320|
27|27||3-5-0-0-1-1||80000|
28|28||3-5-0-0-1-1||70280|
29|29||3-5-0-0-1-1||90000|
30|30||3-5-0-0-1-1||41100|
31|31||3-5-0-0-1-1||42400|
32|32||3-5-0-0-1-1||20000|
33|33||3-5-0-0-1-1||70800|
34|34||3-5-0-0-1-1||12320|
35|35||3-5-0-0-1-1||12320|
36|36||3-5-0-0-1-1||154700|
37|37||3-5-0-0-1-1||12320|
38|38||3-5-0-0-1-1||12320|
39|39||3-5-0-0-1-1||12320|
40|40||3-5-0-0-1-1||12620|
41|41||3-5-0-0-1-1||12420|
42|42||3-5-0-0-1-1||37160|
43|43||3-5-0-0-1-1||61500|
44|44||3-5-0-0-1-1||49200|
45|45||3-5-0-0-1-1||12320|
46|46||3-5-0-0-1-1||48420|
47|47||3-5-0-0-1-1||12320|
48|48||3-5-0-0-1-1||24640|
49|49||3-5-0-0-1-1||32860|
50|50||3-5-0-0-1-1||280000|
51|51||3-5-0-0-1-1||55900|
52|52||3-5-0-0-1-1||1688685|
53|53||3-5-0-0-1-1||12320|
54|54||3-5-0-0-1-1||14000|
55|55||3-5-0-0-1-1||728540|
56|56||3-5-0-0-1-1||37200|
57|57||3-5-0-0-1-1||36960|
58|58||3-5-0-0-1-1||21240|
59|59||3-5-0-0-1-1||12320|
60|60||3-5-0-0-1-1||280000|
61|61||3-5-0-0-1-1||24640|
62|62||3-5-0-0-1-1||16320|
63|63||3-5-0-0-1-1||277920|
64|64||3-5-0-0-1-1||427400|
65|65||3-5-0-0-1-1||411|
66|66||3-5-0-0-1-1||12320|
67|67||3-5-0-0-1-1||71900|
68|68||3-5-0-0-1-1||20100|
69|69||3-5-0-0-1-1||24640|
70|70||3-5-0-0-1-1||57900|
71|71||3-5-0-0-1-1||39920|
72|72||3-5-0-0-1-1||12320|
73|73||3-5-0-0-1-1||44200|
74|74||3-5-0-0-1-1||183180|
75|75||3-5-0-0-1-1||13000|
76|76||3-5-0-0-1-1||435180|
77|77||3-5-0-0-1-1||17309500|
78|78||3-5-0-0-1-1||536080|
79|79||3-5-0-0-1-1||98560|
80|80||3-5-0-0-1-1||38200|
81|81||3-5-0-0-1-1||2700|
82|82||3-5-0-0-1-1||12320|
83|83||3-5-0-0-1-1||12320|
84|84||3-5-0-0-1-1||3600|
85|85||3-5-0-0-1-1||24640|
86|86||3-5-0-0-1-1||68420|
87|87||3-5-0-0-1-1||37060|
88|88||3-5-0-0-1-1||18520|
89|89||3-5-0-0-1-1||12600|
90|90||3-5-0-0-1-1||12320|
91|91||3-5-0-0-1-1||13500|
92|92||3-5-0-0-1-1||80400|
93|93||3-5-0-0-1-1||131520|
94|94||3-5-0-0-1-1||130000|
95|95||3-5-0-0-1-1||15520|
96|96||3-5-0-0-1-1||323070|
97|97||3-5-0-0-1-1||241620|
98|98||3-5-0-0-1-1||36240|
99|99||3-5-0-0-1-1||12400|
100|100||3-5-0-0-1-1||24740|
101|101||3-5-0-0-1-1||434600|
102|102||3-5-0-0-1-1||59760|
103|103||3-5-0-0-1-1||7500|
104|104||3-5-0-0-1-1||72840|
105|105||3-5-0-0-1-1||150100|
106|106||3-5-0-0-1-1||269294|
107|107||3-5-0-0-1-1||27430|
108|108||3-5-0-0-1-1||190800|
109|109||3-5-0-0-1-1||12320|
110|110||3-5-0-0-1-1||46020|
111|111||3-5-0-0-1-1||107300|
112|112||3-5-0-0-1-1||248000|
113|113||3-5-0-0-1-1||12320|
114|114||3-5-0-0-1-1||24640|
115|115||3-5-0-0-1-1||243340|
116|116||3-5-0-0-1-1||50200|
117|117||3-5-0-0-1-1||46200|
118|118||3-5-0-0-1-1||241100|
119|119||3-5-0-0-1-1||13000|
120|120||3-5-0-0-1-1||52620|
121|121||3-5-0-0-1-1||37060|
122|122||3-5-0-0-1-1||72440|
123|123||3-5-0-0-1-1||86240|
124|124||3-5-0-0-1-1||12320|
125|125||3-5-0-0-1-1||37060|
126|126||3-5-0-0-1-1||24640|
127|127||3-5-0-0-1-1||45500|
128|128||3-5-0-0-1-1||16560|
129|129||3-5-0-0-1-1||14600|
130|130||3-5-0-0-1-1||36500|
131|131||3-5-0-0-1-1||17340|
132|132||3-5-0-0-1-1||410470|
133|133||3-5-0-0-1-1||249270|
134|134||3-5-0-0-1-1||161750|
135|135||3-5-0-0-1-1||137310|
136|136||3-5-0-0-1-1||79620|
137|137||3-5-0-0-1-1||45268|
138|138||3-5-0-0-1-1||25500|
139|139||3-5-0-0-1-1||14500|
140|140||3-5-0-0-1-1||1643|
141|141||3-5-0-0-1-1||14400|
142|142||3-5-0-0-1-1||14700|
143|143||3-5-0-0-1-1||14100|
144|144||3-5-0-0-1-1||123240|
145|145||3-5-0-0-1-1||106400|
146|146||3-5-0-0-1-1||201000|
147|147||3-5-0-0-1-1||147750|
148|148||3-5-0-0-1-1||715350|
149|149||3-5-0-0-1-1||1799600|
150|150||3-5-0-0-1-1||38640|
151|151||3-5-0-0-1-1||54560|
152|152||3-5-0-0-1-1||40540|
153|153||3-5-0-0-1-1||39640|
154|154||3-5-0-0-1-1||150367|
155|155||3-5-0-0-1-1||427100|
156|156||3-5-0-0-1-1||1300|
157|157||3-5-0-0-1-1||12320|
158|158||3-5-0-0-1-1||58000|
159|159||3-5-0-0-1-1||24640|
160|160||3-5-0-0-1-1||318700|
161|161||3-5-0-0-1-1||12320|
162|162||3-5-0-0-1-1||284500|
163|163||3-5-0-0-1-1||165000|
164|164||3-5-0-0-1-1||138220|
165|165||3-5-0-0-1-1||62220|
166|166||3-5-0-0-1-1||76640|
167|167||3-5-0-0-1-1||925820|
168|168||3-5-0-0-1-1||1406880|
169|169||3-5-0-0-1-1||34820|
170|170||3-5-0-0-1-1||776360|
171|171||3-5-0-0-1-1||176820|
172|172||3-5-0-0-1-1||12320|
173|173||3-5-0-0-1-1||24740|
174|174||3-5-0-0-1-1||825394|
175|175||3-5-0-0-1-1||160160|
176|176||3-5-0-0-1-1||98560|
177|177||3-5-0-0-1-1||12320|
178|178||3-5-0-0-1-1||12320|
179|179||3-5-0-0-1-1||12420|
180|180||3-5-0-0-1-1||12320|
181|181||3-5-0-0-1-1||12320|
182|182||3-5-0-0-1-1||500|
183|183||3-5-0-0-1-1||24740|
184|184||3-5-0-0-1-1||7000|
185|185||3-5-0-0-1-1||47100|
186|186||3-5-0-0-1-1||12320|
187|187||3-5-0-0-1-1||61800|
188|188||3-5-0-0-1-1||16180|
189|189||3-5-0-0-1-1||37000|
190|190||3-5-0-0-1-1||12320|
191|191||3-5-0-0-1-1||12320|
192|192||3-5-0-0-1-1||13000|
193|193||3-5-0-0-1-1||24740|
194|194||3-5-0-0-1-1||13000|
195|195||3-5-0-0-1-1||36960|
196|196||3-5-0-0-1-1||37160|
197|197||3-5-0-0-1-1||27320|
198|198||3-5-0-0-1-1||24740|
199|199||3-5-0-0-1-1||8400|
200|200||3-5-0-0-1-1||4200|
