1|1||3-5-0-0-1-1||12920|
2|2||3-5-0-0-1-1||12320|
3|3||3-5-0-0-1-1||13600|
4|4||3-5-0-0-1-1||88560|
5|5||3-5-0-0-1-1||12420|
6|6||3-5-0-0-1-1||12320|
7|7||3-5-0-0-1-1||12320|
8|8||3-5-0-0-1-1||12320|
9|9||3-5-0-0-1-1||98560|
10|10||3-5-0-0-1-1||68220|
11|11||3-5-0-0-1-1||8220|
12|12||3-5-0-0-1-1||18300|
13|13||3-5-0-0-1-1||12320|
14|14||3-5-0-0-1-1||2109300|
15|15||3-5-0-0-1-1||25100|
16|16||3-5-0-0-1-1||12420|
17|17||3-5-0-0-1-1||36900|
18|18||3-5-0-0-1-1||12320|
19|19||3-5-0-0-1-1||126000|
20|20||3-5-0-0-1-1||160000|
21|21||3-5-0-0-1-1||12400|
22|22||3-5-0-0-1-1||12320|
23|23||3-5-0-0-1-1||13600|
24|24||3-5-0-0-1-1||12620|
25|25||3-5-0-0-1-1||12320|
26|26||3-5-0-0-1-1||12320|
27|27||3-5-0-0-1-1||12320|
28|28||3-5-0-0-1-1||30390|
29|29||3-5-0-0-1-1||12500|
30|30||3-5-0-0-1-1||3100|
31|31||3-5-0-0-1-1||3200|
32|32||3-5-0-0-1-1||3200|
33|33||3-5-0-0-1-1||3300|
34|34||3-5-0-0-1-1||12300|
35|35||3-5-0-0-1-1||12300|
36|36||3-5-0-0-1-1||12400|
37|37||3-5-0-0-1-1||12300|
38|38||3-5-0-0-1-1||26100|
39|39||3-5-0-0-1-1||26700|
40|40||3-5-0-0-1-1||15000|
41|41||3-5-0-0-1-1||12400|
42|42||3-5-0-0-1-1||28000|
43|43||3-5-0-0-1-1||58400|
44|44||3-5-0-0-1-1||36900|
45|45||3-5-0-0-1-1||37600|
46|46||3-5-0-0-1-1||19100|
47|47||3-5-0-0-1-1||12400|
48|48||3-5-0-0-1-1||49200|
49|49||3-5-0-0-1-1||31700|
50|50||3-5-0-0-1-1||49200|
51|51||3-5-0-0-1-1||12300|
52|52||3-5-0-0-1-1||22600|
53|53||3-5-0-0-1-1||8000|
54|54||3-5-0-0-1-1||31200|
55|55||3-5-0-0-1-1||14500|
56|56||3-5-0-0-1-1||16000|
57|57||3-5-0-0-1-1||49200|
58|58||3-5-0-0-1-1||24600|
59|59||3-5-0-0-1-1||37100|
60|60||3-5-0-0-1-1||9200|
61|61||3-5-0-0-1-1||13400|
62|62||3-5-0-0-1-1||12300|
63|63||3-5-0-0-1-1||36900|
64|64||3-5-0-0-1-1||44800|
65|65||3-5-0-0-1-1||12300|
66|66||3-5-0-0-1-1||12300|
67|67||3-5-0-0-1-1||36000|
68|68||3-5-0-0-1-1||32420|
69|69||3-5-0-0-1-1||49200|
70|70||3-5-0-0-1-1||396000|
71|71||3-5-0-0-1-1||6000|
72|72||3-5-0-0-1-1||92600|
73|73||3-5-0-0-1-1||154317|
74|74||3-5-0-0-1-1||212700|
75|75||3-5-0-0-1-1||112572|
76|76||3-5-0-0-1-1||29120|
77|77||3-5-0-0-1-1||197605|
78|78||3-5-0-0-1-1||18640|
79|79||3-5-0-0-1-1||36960|
80|80||3-5-0-0-1-1||132360|
81|81||3-5-0-0-1-1||12320|
82|82||3-5-0-0-1-1||12320|
83|83||3-5-0-0-1-1||12320|
84|84||3-5-0-0-1-1||12320|
85|85||3-5-0-0-1-1||12420|
86|86||3-5-0-0-1-1||12320|
87|87||3-5-0-0-1-1||12620|
88|88||3-5-0-0-1-1||12320|
89|89||3-5-0-0-1-1||12320|
90|90||3-5-0-0-1-1||12320|
91|91||3-5-0-0-1-1||12320|
92|92||3-5-0-0-1-1||12400|
93|93||3-5-0-0-1-1||12400|
94|94||3-5-0-0-1-1||4000|
95|95||3-5-0-0-1-1||12320|
96|96||3-5-0-0-1-1||15300|
97|97||3-5-0-0-1-1||12320|
98|98||3-5-0-0-1-1||9300|
99|99||3-5-0-0-1-1||24740|
100|100||3-5-0-0-1-1||12320|
101|101||3-5-0-0-1-1||12320|
102|102||3-5-0-0-1-1||32420|
103|103||3-5-0-0-1-1||4107|
104|104||3-5-0-0-1-1||12320|
105|105||3-5-0-0-1-1||12420|
106|106||3-5-0-0-1-1||41168|
107|107||3-5-0-0-1-1||12320|
108|108||3-5-0-0-1-1||12620|
109|109||3-5-0-0-1-1||12320|
110|110||3-5-0-0-1-1||24640|
111|111||3-5-0-0-1-1||287400|
112|112||3-5-0-0-1-1||24000|
113|113||3-5-0-0-1-1||12320|
114|114||3-5-0-0-1-1||36960|
115|115||3-5-0-0-1-1||36960|
116|116||3-5-0-0-1-1||20100|
117|117||3-5-0-0-1-1||12400|
118|118||3-5-0-0-1-1||12300|
119|119||3-5-0-0-1-1||308000|
120|120||3-5-0-0-1-1||34440|
121|121||3-5-0-0-1-1||206200|
122|122||3-5-0-0-1-1||15000|
123|123||3-5-0-0-1-1||111280|
124|124||3-5-0-0-1-1||46300|
125|125||3-5-0-0-1-1||215000|
126|126||3-5-0-0-1-1||100600|
127|127||3-5-0-0-1-1||82000|
128|128||3-5-0-0-1-1||252200|
129|129||3-5-0-0-1-1||143220|
130|130||3-5-0-0-1-1||68180|
131|131||3-5-0-0-1-1||670100|
132|132||3-5-0-0-1-1||29700|
133|133||3-5-0-0-1-1||55100|
134|134||3-5-0-0-1-1||33800|
135|135||3-5-0-0-1-1||15700|
136|136||3-5-0-0-1-1||117580|
137|137||3-5-0-0-1-1||12300|
138|138||3-5-0-0-1-1||12300|
139|139||3-5-0-0-1-1||308000|
140|140||3-5-0-0-1-1||258720|
141|141||3-5-0-0-1-1||25600|
142|142||3-5-0-0-1-1||111280|
143|143||3-5-0-0-1-1||49620|
144|144||3-5-0-0-1-1||16700|
145|145||3-5-0-0-1-1||12420|
146|146||3-5-0-0-1-1||12420|
147|147||3-5-0-0-1-1||61800|
148|148||3-5-0-0-1-1||12320|
149|149||3-5-0-0-1-1||24640|
150|150||3-5-0-0-1-1||295680|
151|151||3-5-0-0-1-1||12320|
152|152||3-5-0-0-1-1||1888140|
153|153||3-5-0-0-1-1||12911000|
154|154||3-5-0-0-1-1||26000|
155|155||3-5-0-0-1-1||71920|
156|156||3-5-0-0-1-1||12320|
157|157||3-5-0-0-1-1||110240|
158|158||3-5-0-0-1-1||172820|
159|159||3-5-0-0-1-1||3900|
160|160||3-5-0-0-1-1||863600|
161|161||3-5-0-0-1-1||50380|
162|162||3-5-0-0-1-1||36960|
163|163||3-5-0-0-1-1||12300|
164|164||3-5-0-0-1-1||353600|
165|165||3-5-0-0-1-1||12320|
166|166||3-5-0-0-1-1||3080|
167|167||3-5-0-0-1-1||170000|
168|168||3-5-0-0-1-1||164100|
169|169||3-5-0-0-1-1||72000|
170|170||3-5-0-0-1-1||24640|
171|171||3-5-0-0-1-1||15220|
172|172||3-5-0-0-1-1||24740|
173|173||3-5-0-0-1-1||49380|
174|174||3-5-0-0-1-1||12300|
175|175||3-5-0-0-1-1||12320|
176|176||3-5-0-0-1-1||12620|
177|177||3-5-0-0-1-1||12320|
178|178||3-5-0-0-1-1||12320|
179|179||3-5-0-0-1-1||900|
180|180||3-5-0-0-1-1||12320|
181|181||3-5-0-0-1-1||12420|
182|182||3-5-0-0-1-1||12400|
183|183||3-5-0-0-1-1||24640|
184|184||3-5-0-0-1-1||12720|
185|185||3-5-0-0-1-1||13020|
186|186||3-5-0-0-1-1||12420|
187|187||3-5-0-0-1-1||26000|
188|188||3-5-0-0-1-1||26700|
189|189||3-5-0-0-1-1||36960|
190|190||3-5-0-0-1-1||54420|
191|191||3-5-0-0-1-1||12320|
192|192||3-5-0-0-1-1||75680|
193|193||3-5-0-0-1-1||13500|
194|194||3-5-0-0-1-1||13220|
195|195||3-5-0-0-1-1||12620|
196|196||3-5-0-0-1-1||12920|
197|197||3-5-0-0-1-1||12320|
198|198||3-5-0-0-1-1||12320|
199|199||3-5-0-0-1-1||14000|
200|200||3-5-0-0-1-1||12320|
