1|1||3-5-0-0-1-1||65700|
2|2||3-5-0-0-1-1||27100|
3|3||3-5-0-0-1-1||12320|
4|4||3-5-0-0-1-1||12320|
5|5||3-5-0-0-1-1||24640|
6|6||3-5-0-0-1-1||12420|
7|7||3-5-0-0-1-1||12320|
8|8||3-5-0-0-1-1||35320|
9|9||3-5-0-0-1-1||12320|
10|10||3-5-0-0-1-1||49280|
11|11||3-5-0-0-1-1||56000|
12|12||3-5-0-0-1-1||70300|
13|13||3-5-0-0-1-1||37060|
14|14||3-5-0-0-1-1||24640|
15|15||3-5-0-0-1-1||12320|
16|16||3-5-0-0-1-1||12320|
17|17||3-5-0-0-1-1||3100|
18|18||3-5-0-0-1-1||12320|
19|19||3-5-0-0-1-1||24640|
20|20||3-5-0-0-1-1||24640|
21|21||3-5-0-0-1-1||12320|
22|22||3-5-0-0-1-1||110880|
23|23||3-5-0-0-1-1||210000|
24|24||3-5-0-0-1-1||12320|
25|25||3-5-0-0-1-1||12620|
26|26||3-5-0-0-1-1||19420|
27|27||3-5-0-0-1-1||12420|
28|28||3-5-0-0-1-1||84340|
29|29||3-5-0-0-1-1||9240|
30|30||3-5-0-0-1-1||16100|
31|31||3-5-0-0-1-1||31000|
32|32||3-5-0-0-1-1||25240|
33|33||3-5-0-0-1-1||12420|
34|34||3-5-0-0-1-1||36960|
35|35||3-5-0-0-1-1||4620|
36|36||3-5-0-0-1-1||68080|
37|37||3-5-0-0-1-1||43100|
38|38||3-5-0-0-1-1||1442500|
39|39||3-5-0-0-1-1||12320|
40|40||3-5-0-0-1-1||135520|
41|41||3-5-0-0-1-1||24740|
42|42||3-5-0-0-1-1||12320|
43|43||3-5-0-0-1-1||24840|
44|44||3-5-0-0-1-1||12500|
45|45||3-5-0-0-1-1||12320|
46|46||3-5-0-0-1-1||12300|
47|47||3-5-0-0-1-1||12320|
48|48||3-5-0-0-1-1||22680|
49|49||3-5-0-0-1-1||12320|
50|50||3-5-0-0-1-1||308000|
51|51||3-5-0-0-1-1||45200|
52|52||3-5-0-0-1-1||12320|
53|53||3-5-0-0-1-1||6200|
54|54||3-5-0-0-1-1||200|
55|55||3-5-0-0-1-1||12320|
56|56||3-5-0-0-1-1||1661|
57|57||3-5-0-0-1-1||37060|
58|58||3-5-0-0-1-1||128500|
59|59||3-5-0-0-1-1||287000|
60|60||3-5-0-0-1-1||12320|
61|61||3-5-0-0-1-1||12320|
62|62||3-5-0-0-1-1||12320|
63|63||3-5-0-0-1-1||61600|
64|64||3-5-0-0-1-1||24640|
65|65||3-5-0-0-1-1||537260|
66|66||3-5-0-0-1-1||11340|
67|67||3-5-0-0-1-1||13000|
68|68||3-5-0-0-1-1||87520|
69|69||3-5-0-0-1-1||30200|
70|70||3-5-0-0-1-1||81240|
71|71||3-5-0-0-1-1||12320|
72|72||3-5-0-0-1-1||12320|
73|73||3-5-0-0-1-1||137152|
74|74||3-5-0-0-1-1||66360|
75|75||3-5-0-0-1-1||12320|
76|76||3-5-0-0-1-1||12420|
77|77||3-5-0-0-1-1||572920|
78|78||3-5-0-0-1-1||169684|
79|79||3-5-0-0-1-1||12300|
80|80||3-5-0-0-1-1||330|
81|81||3-5-0-0-1-1||17795|
82|82||3-5-0-0-1-1||152600|
83|83||3-5-0-0-1-1||16100|
84|84||3-5-0-0-1-1||329900|
85|85||3-5-0-0-1-1||361400|
86|86||3-5-0-0-1-1||12420|
87|87||3-5-0-0-1-1||890400|
88|88||3-5-0-0-1-1||12400|
89|89||3-5-0-0-1-1||3100|
90|90||3-5-0-0-1-1||51558|
91|91||3-5-0-0-1-1||24640|
92|92||3-5-0-0-1-1||14000|
93|93||3-5-0-0-1-1||420|
94|94||3-5-0-0-1-1||252000|
95|95||3-5-0-0-1-1||73500|
96|96||3-5-0-0-1-1||12420|
97|97||3-5-0-0-1-1||12420|
98|98||3-5-0-0-1-1||10720|
99|99||3-5-0-0-1-1||3100|
100|100||3-5-0-0-1-1||12320|
101|101||3-5-0-0-1-1||61600|
102|102||3-5-0-0-1-1||12620|
103|103||3-5-0-0-1-1||27900|
104|104||3-5-0-0-1-1||6200|
105|105||3-5-0-0-1-1||24640|
106|106||3-5-0-0-1-1||12320|
107|107||3-5-0-0-1-1||37060|
108|108||3-5-0-0-1-1||71360|
109|109||3-5-0-0-1-1||56320|
110|110||3-5-0-0-1-1||40140|
111|111||3-5-0-0-1-1||12320|
112|112||3-5-0-0-1-1||22300|
113|113||3-5-0-0-1-1||24840|
114|114||3-5-0-0-1-1||7340|
115|115||3-5-0-0-1-1||12420|
116|116||3-5-0-0-1-1||480000|
117|117||3-5-0-0-1-1||12320|
118|118||3-5-0-0-1-1||51500|
119|119||3-5-0-0-1-1||191600|
120|120||3-5-0-0-1-1||77160|
121|121||3-5-0-0-1-1||12320|
122|122||3-5-0-0-1-1||24640|
123|123||3-5-0-0-1-1||10600|
124|124||3-5-0-0-1-1||24740|
125|125||3-5-0-0-1-1||13020|
126|126||3-5-0-0-1-1||12620|
127|127||3-5-0-0-1-1||32360|
128|128||3-5-0-0-1-1||12320|
129|129||3-5-0-0-1-1||12420|
130|130||3-5-0-0-1-1||24600|
131|131||3-5-0-0-1-1||12320|
132|132||3-5-0-0-1-1||88980|
133|133||3-5-0-0-1-1||24640|
134|134||3-5-0-0-1-1||28320|
135|135||3-5-0-0-1-1||125700|
136|136||3-5-0-0-1-1||14000|
137|137||3-5-0-0-1-1||112580|
138|138||3-5-0-0-1-1||12320|
139|139||3-5-0-0-1-1||12320|
140|140||3-5-0-0-1-1||12320|
141|141||3-5-0-0-1-1||12420|
142|142||3-5-0-0-1-1||12320|
143|143||3-5-0-0-1-1||25060|
144|144||3-5-0-0-1-1||15400|
145|145||3-5-0-0-1-1||12420|
146|146||3-5-0-0-1-1||37060|
147|147||3-5-0-0-1-1||86340|
148|148||3-5-0-0-1-1||12320|
149|149||3-5-0-0-1-1||24640|
150|150||3-5-0-0-1-1||12320|
151|151||3-5-0-0-1-1||73920|
152|152||3-5-0-0-1-1||14700|
153|153||3-5-0-0-1-1||86440|
154|154||3-5-0-0-1-1||210262|
155|155||3-5-0-0-1-1||12320|
156|156||3-5-0-0-1-1||510220|
157|157||3-5-0-0-1-1||526300|
158|158||3-5-0-0-1-1||256000|
159|159||3-5-0-0-1-1||154000|
160|160||3-5-0-0-1-1||474700|
161|161||3-5-0-0-1-1||1|
162|162||3-5-0-0-1-1||1|
163|163||3-5-0-0-1-1||12320|
164|164||3-5-0-0-1-1||492720|
165|165||3-5-0-0-1-1||3100|
166|166||3-5-0-0-1-1||13000|
167|167||3-5-0-0-1-1||12320|
168|168||3-5-0-0-1-1||45940|
169|169||3-5-0-0-1-1||126600|
170|170||3-5-0-0-1-1||112120|
171|171||3-5-0-0-1-1||13559300|
172|172||3-5-0-0-1-1||230000|
173|173||3-5-0-0-1-1||12320|
174|174||3-5-0-0-1-1||12300|
175|175||3-5-0-0-1-1||12320|
176|176||3-5-0-0-1-1||12300|
177|177||3-5-0-0-1-1||1185600|
178|178||3-5-0-0-1-1||554700|
179|179||3-5-0-0-1-1||24640|
180|180||3-5-0-0-1-1||12320|
181|181||3-5-0-0-1-1||14540|
182|182||3-5-0-0-1-1||12320|
183|183||3-5-0-0-1-1||112100|
184|184||3-5-0-0-1-1||12420|
185|185||3-5-0-0-1-1||12320|
186|186||3-5-0-0-1-1||40460|
187|187||3-5-0-0-1-1||12620|
188|188||3-5-0-0-1-1||12320|
189|189||3-5-0-0-1-1||36900|
190|190||3-5-0-0-1-1||12320|
191|191||3-5-0-0-1-1||12320|
192|192||3-5-0-0-1-1||12320|
193|193||3-5-0-0-1-1||167000|
194|194||3-5-0-0-1-1||200000|
195|195||3-5-0-0-1-1||5340|
196|196||3-5-0-0-1-1||12320|
197|197||3-5-0-0-1-1||3477100|
198|198||3-5-0-0-1-1||12320|
199|199||3-5-0-0-1-1||180200|
200|200||3-5-0-0-1-1||1464260|
