1|1||3-5-0-0-1-1||474900|
2|2||3-5-0-0-1-1||89960|
3|3||3-5-0-0-1-1||9148100|
4|4||3-5-0-0-1-1||786700|
5|5||3-5-0-0-1-1||400|
6|6||3-5-0-0-1-1||500|
7|7||3-5-0-0-1-1||289420|
8|8||3-5-0-0-1-1||178100|
9|9||3-5-0-0-1-1||1538100|
10|10||3-5-0-0-1-1||153600|
11|11||3-5-0-0-1-1||41120|
12|12||3-5-0-0-1-1||43400|
13|13||3-5-0-0-1-1||391600|
14|14||3-5-0-0-1-1||2779900|
15|15||3-5-0-0-1-1||311700|
16|16||3-5-0-0-1-1||288900|
17|17||3-5-0-0-1-1||150500|
18|18||3-5-0-0-1-1||25400|
19|19||3-5-0-0-1-1||544000|
20|20||3-5-0-0-1-1||150820|
21|21||3-5-0-0-1-1||253500|
22|22||3-5-0-0-1-1||420|
23|23||3-5-0-0-1-1||12320|
24|24||3-5-0-0-1-1||12320|
25|25||3-5-0-0-1-1||57100|
26|26||3-5-0-0-1-1||12420|
27|27||3-5-0-0-1-1||12300|
28|28||3-5-0-0-1-1||3154500|
29|29||3-5-0-0-1-1||60840|
30|30||3-5-0-0-1-1||7460|
31|31||3-5-0-0-1-1||12320|
32|32||3-5-0-0-1-1||1153800|
33|33||3-5-0-0-1-1||36960|
34|34||3-5-0-0-1-1||15600|
35|35||3-5-0-0-1-1||31600|
36|36||3-5-0-0-1-1||34880|
37|37||3-5-0-0-1-1||224542|
38|38||3-5-0-0-1-1||237800|
39|39||3-5-0-0-1-1||12320|
40|40||3-5-0-0-1-1||12320|
41|41||3-5-0-0-1-1||49380|
42|42||3-5-0-0-1-1||16540|
43|43||3-5-0-0-1-1||112100|
44|44||3-5-0-0-1-1||621900|
45|45||3-5-0-0-1-1||16100|
46|46||3-5-0-0-1-1||407000|
47|47||3-5-0-0-1-1||66880|
48|48||3-5-0-0-1-1||63900|
49|49||3-5-0-0-1-1||184000|
50|50||3-5-0-0-1-1||12320|
51|51||3-5-0-0-1-1||12400|
52|52||3-5-0-0-1-1||359900|
53|53||3-5-0-0-1-1||240883|
54|54||3-5-0-0-1-1||269850|
55|55||3-5-0-0-1-1||8658300|
56|56||3-5-0-0-1-1||141900|
57|57||3-5-0-0-1-1||61700|
58|58||3-5-0-0-1-1||80150|
59|59||3-5-0-0-1-1||35340|
60|60||3-5-0-0-1-1||12320|
61|61||3-5-0-0-1-1||12320|
62|62||3-5-0-0-1-1||155400|
63|63||3-5-0-0-1-1||12320|
64|64||3-5-0-0-1-1||16000|
65|65||3-5-0-0-1-1||15000|
66|66||3-5-0-0-1-1||360900|
67|67||3-5-0-0-1-1||1842800|
68|68||3-5-0-0-1-1||783000|
69|69||3-5-0-0-1-1||590200|
70|70||3-5-0-0-1-1||483100|
71|71||3-5-0-0-1-1||12320|
72|72||3-5-0-0-1-1||61500|
73|73||3-5-0-0-1-1||17327|
74|74||3-5-0-0-1-1||8500|
75|75||3-5-0-0-1-1||12320|
76|76||3-5-0-0-1-1||13580|
77|77||3-5-0-0-1-1||21360|
78|78||3-5-0-0-1-1||37260|
79|79||3-5-0-0-1-1||79440|
80|80||3-5-0-0-1-1||19000|
81|81||3-5-0-0-1-1||27900|
82|82||3-5-0-0-1-1||147800|
83|83||3-5-0-0-1-1||12320|
84|84||3-5-0-0-1-1||64020|
85|85||3-5-0-0-1-1||12320|
86|86||3-5-0-0-1-1||49300|
87|87||3-5-0-0-1-1||38100|
88|88||3-5-0-0-1-1||42900|
89|89||3-5-0-0-1-1||24000|
90|90||3-5-0-0-1-1||12800|
91|91||3-5-0-0-1-1||42500|
92|92||3-5-0-0-1-1||33500|
93|93||3-5-0-0-1-1||15719800|
94|94||3-5-0-0-1-1||12400|
95|95||3-5-0-0-1-1||12320|
96|96||3-5-0-0-1-1||62920|
97|97||3-5-0-0-1-1||12400|
98|98||3-5-0-0-1-1||242120|
99|99||3-5-0-0-1-1||3900|
100|100||3-5-0-0-1-1||400|
101|101||3-5-0-0-1-1||12320|
102|102||3-5-0-0-1-1||12300|
103|103||3-5-0-0-1-1||11100|
104|104||3-5-0-0-1-1||12520|
105|105||3-5-0-0-1-1||13120|
106|106||3-5-0-0-1-1||12820|
107|107||3-5-0-0-1-1||138800|
108|108||3-5-0-0-1-1||31500|
109|109||3-5-0-0-1-1||12320|
110|110||3-5-0-0-1-1||16400|
111|111||3-5-0-0-1-1||16000|
112|112||3-5-0-0-1-1||224200|
113|113||3-5-0-0-1-1||979120|
114|114||3-5-0-0-1-1||34250|
115|115||3-5-0-0-1-1||3100|
116|116||3-5-0-0-1-1||1095100|
117|117||3-5-0-0-1-1||12320|
118|118||3-5-0-0-1-1||178600|
119|119||3-5-0-0-1-1||15000|
120|120||3-5-0-0-1-1||19000|
121|121||3-5-0-0-1-1||1631000|
122|122||3-5-0-0-1-1||205840|
123|123||3-5-0-0-1-1||99720|
124|124||3-5-0-0-1-1||73920|
125|125||3-5-0-0-1-1||12420|
126|126||3-5-0-0-1-1||12620|
127|127||3-5-0-0-1-1||209440|
128|128||3-5-0-0-1-1||12420|
129|129||3-5-0-0-1-1||61060|
130|130||3-5-0-0-1-1||12420|
131|131||3-5-0-0-1-1||12320|
132|132||3-5-0-0-1-1||13142|
133|133||3-5-0-0-1-1||12320|
134|134||3-5-0-0-1-1||6200|
135|135||3-5-0-0-1-1||12320|
136|136||3-5-0-0-1-1||25040|
137|137||3-5-0-0-1-1||1260|
138|138||3-5-0-0-1-1||12320|
139|139||3-5-0-0-1-1||37160|
140|140||3-5-0-0-1-1||12320|
141|141||3-5-0-0-1-1||15100|
142|142||3-5-0-0-1-1||12600|
143|143||3-5-0-0-1-1||12320|
144|144||3-5-0-0-1-1||24840|
145|145||3-5-0-0-1-1||24740|
146|146||3-5-0-0-1-1||325600|
147|147||3-5-0-0-1-1||27200|
148|148||3-5-0-0-1-1||12320|
149|149||3-5-0-0-1-1||12320|
150|150||3-5-0-0-1-1||24640|
151|151||3-5-0-0-1-1||161000|
152|152||3-5-0-0-1-1||1493500|
153|153||3-5-0-0-1-1||3780|
154|154||3-5-0-0-1-1||80000|
155|155||3-5-0-0-1-1||116780|
156|156||3-5-0-0-1-1||60700|
157|157||3-5-0-0-1-1||27200|
158|158||3-5-0-0-1-1||17300|
159|159||3-5-0-0-1-1||79200|
160|160||3-5-0-0-1-1||53060|
161|161||3-5-0-0-1-1||12320|
162|162||3-5-0-0-1-1||27300|
163|163||3-5-0-0-1-1||835300|
164|164||3-5-0-0-1-1||37700|
165|165||3-5-0-0-1-1||286500|
166|166||3-5-0-0-1-1||580800|
167|167||3-5-0-0-1-1||24640|
168|168||3-5-0-0-1-1||49280|
169|169||3-5-0-0-1-1||369320|
170|170||3-5-0-0-1-1||12300|
171|171||3-5-0-0-1-1||36320|
172|172||3-5-0-0-1-1||32000|
173|173||3-5-0-0-1-1||24840|
174|174||3-5-0-0-1-1||24840|
175|175||3-5-0-0-1-1||528540|
176|176||3-5-0-0-1-1||12420|
177|177||3-5-0-0-1-1||28640|
178|178||3-5-0-0-1-1||281120|
179|179||3-5-0-0-1-1||139380|
180|180||3-5-0-0-1-1||279320|
181|181||3-5-0-0-1-1||12420|
182|182||3-5-0-0-1-1||1335560|
183|183||3-5-0-0-1-1||14000|
184|184||3-5-0-0-1-1||761800|
185|185||3-5-0-0-1-1||182000|
186|186||3-5-0-0-1-1||30953000|
187|187||3-5-0-0-1-1||9352581|
188|188||3-5-0-0-1-1||12620|
189|189||3-5-0-0-1-1||12400|
190|190||3-5-0-0-1-1||12320|
191|191||3-5-0-0-1-1||212200|
192|192||3-5-0-0-1-1||12320|
193|193||3-5-0-0-1-1||176400|
194|194||3-5-0-0-1-1||37920|
195|195||3-5-0-0-1-1||12320|
196|196||3-5-0-0-1-1||12320|
197|197||3-5-0-0-1-1||40|
198|198||3-5-0-0-1-1||129600|
199|199||3-5-0-0-1-1||308000|
200|200||3-5-0-0-1-1||12320|
