1|1||3-5-0-0-1-1||90200|
2|2||3-5-0-0-1-1||12320|
3|3||3-5-0-0-1-1||172200|
4|4||3-5-0-0-1-1||14700|
5|5||3-5-0-0-1-1||12320|
6|6||3-5-0-0-1-1||24640|
7|7||3-5-0-0-1-1||279263|
8|8||3-5-0-0-1-1||155800|
9|9||3-5-0-0-1-1||221760|
10|10||3-5-0-0-1-1||166320|
11|11||3-5-0-0-1-1||185200|
12|12||3-5-0-0-1-1||125000|
13|13||3-5-0-0-1-1||12320|
14|14||3-5-0-0-1-1||24740|
15|15||3-5-0-0-1-1||61600|
16|16||3-5-0-0-1-1||13000|
17|17||3-5-0-0-1-1||12320|
18|18||3-5-0-0-1-1||29980|
19|19||3-5-0-0-1-1||123700|
20|20||3-5-0-0-1-1||49280|
21|21||3-5-0-0-1-1||23780|
22|22||3-5-0-0-1-1||36960|
23|23||3-5-0-0-1-1||50000|
24|24||3-5-0-0-1-1||3700|
25|25||3-5-0-0-1-1||13964|
26|26||3-5-0-0-1-1||162900|
27|27||3-5-0-0-1-1||12400|
28|28||3-5-0-0-1-1||406000|
29|29||3-5-0-0-1-1||103700|
30|30||3-5-0-0-1-1||18580|
31|31||3-5-0-0-1-1||36960|
32|32||3-5-0-0-1-1||12320|
33|33||3-5-0-0-1-1||18580|
34|34||3-5-0-0-1-1||24640|
35|35||3-5-0-0-1-1||12320|
36|36||3-5-0-0-1-1||12320|
37|37||3-5-0-0-1-1||37060|
38|38||3-5-0-0-1-1||12600|
39|39||3-5-0-0-1-1||149820|
40|40||3-5-0-0-1-1||38600|
41|41||3-5-0-0-1-1||12320|
42|42||3-5-0-0-1-1||12320|
43|43||3-5-0-0-1-1||12320|
44|44||3-5-0-0-1-1||18580|
45|45||3-5-0-0-1-1||12420|
46|46||3-5-0-0-1-1||12420|
47|47||3-5-0-0-1-1||143924|
48|48||3-5-0-0-1-1||80820|
49|49||3-5-0-0-1-1||122080|
50|50||3-5-0-0-1-1||120826|
51|51||3-5-0-0-1-1||12320|
52|52||3-5-0-0-1-1||12740|
53|53||3-5-0-0-1-1||401520|
54|54||3-5-0-0-1-1||24640|
55|55||3-5-0-0-1-1||4107|
56|56||3-5-0-0-1-1||15620|
57|57||3-5-0-0-1-1||26700|
58|58||3-5-0-0-1-1||12320|
59|59||3-5-0-0-1-1||36960|
60|60||3-5-0-0-1-1||66120|
61|61||3-5-0-0-1-1||12320|
62|62||3-5-0-0-1-1||85700|
63|63||3-5-0-0-1-1||53960|
64|64||3-5-0-0-1-1||24640|
65|65||3-5-0-0-1-1||12320|
66|66||3-5-0-0-1-1||67260|
67|67||3-5-0-0-1-1||12320|
68|68||3-5-0-0-1-1||61600|
69|69||3-5-0-0-1-1||12320|
70|70||3-5-0-0-1-1||24640|
71|71||3-5-0-0-1-1||24600|
72|72||3-5-0-0-1-1||1240|
73|73||3-5-0-0-1-1||37560|
74|74||3-5-0-0-1-1||9300|
75|75||3-5-0-0-1-1||12320|
76|76||3-5-0-0-1-1||12320|
77|77||3-5-0-0-1-1||3100|
78|78||3-5-0-0-1-1||58220|
79|79||3-5-0-0-1-1||353340|
80|80||3-5-0-0-1-1||86940|
81|81||3-5-0-0-1-1||699044|
82|82||3-5-0-0-1-1||87200|
83|83||3-5-0-0-1-1||884680|
84|84||3-5-0-0-1-1||549460|
85|85||3-5-0-0-1-1||12620|
86|86||3-5-0-0-1-1||24640|
87|87||3-5-0-0-1-1||70224|
88|88||3-5-0-0-1-1||26500|
89|89||3-5-0-0-1-1||72320|
90|90||3-5-0-0-1-1||71820|
91|91||3-5-0-0-1-1||12320|
92|92||3-5-0-0-1-1||12320|
93|93||3-5-0-0-1-1||3100|
94|94||3-5-0-0-1-1||3100|
95|95||3-5-0-0-1-1||13200|
96|96||3-5-0-0-1-1||12900|
97|97||3-5-0-0-1-1||12320|
98|98||3-5-0-0-1-1||3100|
99|99||3-5-0-0-1-1||6200|
100|100||3-5-0-0-1-1||9900|
101|101||3-5-0-0-1-1||480360|
102|102||3-5-0-0-1-1||5690|
103|103||3-5-0-0-1-1||7000|
104|104||3-5-0-0-1-1||12620|
105|105||3-5-0-0-1-1||135520|
106|106||3-5-0-0-1-1||36960|
107|107||3-5-0-0-1-1||137880|
108|108||3-5-0-0-1-1||12620|
109|109||3-5-0-0-1-1||36960|
110|110||3-5-0-0-1-1||160960|
111|111||3-5-0-0-1-1||12320|
112|112||3-5-0-0-1-1||12320|
113|113||3-5-0-0-1-1||12320|
114|114||3-5-0-0-1-1||19020|
115|115||3-5-0-0-1-1||12320|
116|116||3-5-0-0-1-1||12320|
117|117||3-5-0-0-1-1||240000|
118|118||3-5-0-0-1-1||6200|
119|119||3-5-0-0-1-1||12320|
120|120||3-5-0-0-1-1||12420|
121|121||3-5-0-0-1-1||12320|
122|122||3-5-0-0-1-1||24840|
123|123||3-5-0-0-1-1||12420|
124|124||3-5-0-0-1-1||12320|
125|125||3-5-0-0-1-1||43400|
126|126||3-5-0-0-1-1||1400|
127|127||3-5-0-0-1-1||62900|
128|128||3-5-0-0-1-1||11500|
129|129||3-5-0-0-1-1||36960|
130|130||3-5-0-0-1-1||12320|
131|131||3-5-0-0-1-1||12320|
132|132||3-5-0-0-1-1||24640|
133|133||3-5-0-0-1-1||12320|
134|134||3-5-0-0-1-1||24740|
135|135||3-5-0-0-1-1||12320|
136|136||3-5-0-0-1-1||12420|
137|137||3-5-0-0-1-1||12320|
138|138||3-5-0-0-1-1||12420|
139|139||3-5-0-0-1-1||37060|
140|140||3-5-0-0-1-1||19600|
141|141||3-5-0-0-1-1||12320|
142|142||3-5-0-0-1-1||15620|
143|143||3-5-0-0-1-1||12320|
144|144||3-5-0-0-1-1||12320|
145|145||3-5-0-0-1-1||36960|
146|146||3-5-0-0-1-1||110820|
147|147||3-5-0-0-1-1||13000|
148|148||3-5-0-0-1-1||36960|
149|149||3-5-0-0-1-1||12320|
150|150||3-5-0-0-1-1||12320|
151|151||3-5-0-0-1-1||24640|
152|152||3-5-0-0-1-1||12620|
153|153||3-5-0-0-1-1||42900|
154|154||3-5-0-0-1-1||138240|
155|155||3-5-0-0-1-1||12320|
156|156||3-5-0-0-1-1||39040|
157|157||3-5-0-0-1-1||400|
158|158||3-5-0-0-1-1||400|
159|159||3-5-0-0-1-1||12320|
160|160||3-5-0-0-1-1||24740|
161|161||3-5-0-0-1-1||216120|
162|162||3-5-0-0-1-1||12320|
163|163||3-5-0-0-1-1||1692900|
164|164||3-5-0-0-1-1||100820|
165|165||3-5-0-0-1-1||24740|
166|166||3-5-0-0-1-1||350240|
167|167||3-5-0-0-1-1||1308400|
168|168||3-5-0-0-1-1||10300|
169|169||3-5-0-0-1-1||12320|
170|170||3-5-0-0-1-1||12320|
171|171||3-5-0-0-1-1||12400|
172|172||3-5-0-0-1-1||12420|
173|173||3-5-0-0-1-1||12600|
174|174||3-5-0-0-1-1||200000|
175|175||3-5-0-0-1-1||101620|
176|176||3-5-0-0-1-1||219700|
177|177||3-5-0-0-1-1||688900|
178|178||3-5-0-0-1-1||806100|
179|179||3-5-0-0-1-1||12320|
180|180||3-5-0-0-1-1||202380|
181|181||3-5-0-0-1-1||15220|
182|182||3-5-0-0-1-1||12420|
183|183||3-5-0-0-1-1||14000|
184|184||3-5-0-0-1-1||32800|
185|185||3-5-0-0-1-1||12320|
186|186||3-5-0-0-1-1||12320|
187|187||3-5-0-0-1-1||61600|
188|188||3-5-0-0-1-1||12320|
189|189||3-5-0-0-1-1||12320|
190|190||3-5-0-0-1-1||37060|
191|191||3-5-0-0-1-1||12300|
192|192||3-5-0-0-1-1||24640|
193|193||3-5-0-0-1-1||24700|
194|194||3-5-0-0-1-1||12320|
195|195||3-5-0-0-1-1||22780|
196|196||3-5-0-0-1-1||12320|
197|197||3-5-0-0-1-1||22450000|
198|198||3-5-0-0-1-1||28620|
199|199||3-5-0-0-1-1||99060|
200|200||3-5-0-0-1-1||12320|
