1|1||3-5-0-0-1-1||12320|
2|2||3-5-0-0-1-1||12320|
3|3||3-5-0-0-1-1||864000|
4|4||3-5-0-0-1-1||14800|
5|5||3-5-0-0-1-1||14829000|
6|6||3-5-0-0-1-1||328700|
7|7||3-5-0-0-1-1||12320|
8|8||3-5-0-0-1-1||12320|
9|9||3-5-0-0-1-1||123200|
10|10||3-5-0-0-1-1||36960|
11|11||3-5-0-0-1-1||12500|
12|12||3-5-0-0-1-1||12320|
13|13||3-5-0-0-1-1||12320|
14|14||3-5-0-0-1-1||1700|
15|15||3-5-0-0-1-1||106867|
16|16||3-5-0-0-1-1||98560|
17|17||3-5-0-0-1-1||33920|
18|18||3-5-0-0-1-1||281300|
19|19||3-5-0-0-1-1||24640|
20|20||3-5-0-0-1-1||15000|
21|21||3-5-0-0-1-1||727840|
22|22||3-5-0-0-1-1||273900|
23|23||3-5-0-0-1-1||821|
24|24||3-5-0-0-1-1||409500|
25|25||3-5-0-0-1-1||2151200|
26|26||3-5-0-0-1-1||382100|
27|27||3-5-0-0-1-1||372300|
28|28||3-5-0-0-1-1||12320|
29|29||3-5-0-0-1-1||400000|
30|30||3-5-0-0-1-1||7900|
31|31||3-5-0-0-1-1||12420|
32|32||3-5-0-0-1-1||427000|
33|33||3-5-0-0-1-1||3553200|
34|34||3-5-0-0-1-1||1055700|
35|35||3-5-0-0-1-1||12300|
36|36||3-5-0-0-1-1||12320|
37|37||3-5-0-0-1-1||48600|
38|38||3-5-0-0-1-1||24700|
39|39||3-5-0-0-1-1||545940|
40|40||3-5-0-0-1-1||11400|
41|41||3-5-0-0-1-1||144560|
42|42||3-5-0-0-1-1||2460700|
43|43||3-5-0-0-1-1||12320|
44|44||3-5-0-0-1-1||12420|
45|45||3-5-0-0-1-1||24400|
46|46||3-5-0-0-1-1||218300|
47|47||3-5-0-0-1-1||397000|
48|48||3-5-0-0-1-1||362940|
49|49||3-5-0-0-1-1||12720|
50|50||3-5-0-0-1-1||36500|
51|51||3-5-0-0-1-1||24640|
52|52||3-5-0-0-1-1||49280|
53|53||3-5-0-0-1-1||440500|
54|54||3-5-0-0-1-1||12320|
55|55||3-5-0-0-1-1||12320|
56|56||3-5-0-0-1-1||8175400|
57|57||3-5-0-0-1-1||12320|
58|58||3-5-0-0-1-1||1915720|
59|59||3-5-0-0-1-1||12320|
60|60||3-5-0-0-1-1||12320|
61|61||3-5-0-0-1-1||208000|
62|62||3-5-0-0-1-1||12420|
63|63||3-5-0-0-1-1||101900|
64|64||3-5-0-0-1-1||389700|
65|65||3-5-0-0-1-1||420|
66|66||3-5-0-0-1-1||9947000|
67|67||3-5-0-0-1-1||1472400|
68|68||3-5-0-0-1-1||7780|
69|69||3-5-0-0-1-1||12320|
70|70||3-5-0-0-1-1||681600|
71|71||3-5-0-0-1-1||1068300|
72|72||3-5-0-0-1-1||12320|
73|73||3-5-0-0-1-1||955800|
74|74||3-5-0-0-1-1||137600|
75|75||3-5-0-0-1-1||139000|
76|76||3-5-0-0-1-1||2142520|
77|77||3-5-0-0-1-1||112100|
78|78||3-5-0-0-1-1||349300|
79|79||3-5-0-0-1-1||3420|
80|80||3-5-0-0-1-1||17700|
81|81||3-5-0-0-1-1||610400|
82|82||3-5-0-0-1-1||708000|
83|83||3-5-0-0-1-1||32932|
84|84||3-5-0-0-1-1||59980|
85|85||3-5-0-0-1-1||2489100|
86|86||3-5-0-0-1-1||15370600|
87|87||3-5-0-0-1-1||175400|
88|88||3-5-0-0-1-1||8620|
89|89||3-5-0-0-1-1||112100|
90|90||3-5-0-0-1-1||140400|
91|91||3-5-0-0-1-1||150900|
92|92||3-5-0-0-1-1||128113000|
93|93||3-5-0-0-1-1||37000|
94|94||3-5-0-0-1-1||90000|
95|95||3-5-0-0-1-1||129500|
96|96||3-5-0-0-1-1||326800|
97|97||3-5-0-0-1-1||79740|
98|98||3-5-0-0-1-1||100488|
99|99||3-5-0-0-1-1||43849|
100|100||3-5-0-0-1-1||1473100|
101|101||3-5-0-0-1-1||1379000|
102|102||3-5-0-0-1-1||1456180|
103|103||3-5-0-0-1-1||71300|
104|104||3-5-0-0-1-1||1913300|
105|105||3-5-0-0-1-1||3107000|
106|106||3-5-0-0-1-1||27900|
107|107||3-5-0-0-1-1||124843|
108|108||3-5-0-0-1-1||2744500|
109|109||3-5-0-0-1-1||45497620|
110|110||3-5-0-0-1-1||3600|
111|111||3-5-0-0-1-1||6200|
112|112||3-5-0-0-1-1||18400|
113|113||3-5-0-0-1-1||207200|
114|114||3-5-0-0-1-1||24740|
115|115||3-5-0-0-1-1||310|
116|116||3-5-0-0-1-1||3032900|
117|117||3-5-0-0-1-1||12420|
118|118||3-5-0-0-1-1||12320|
119|119||3-5-0-0-1-1||50000|
120|120||3-5-0-0-1-1||1610200|
121|121||3-5-0-0-1-1||12320|
122|122||3-5-0-0-1-1||572800|
123|123||3-5-0-0-1-1||12320|
124|124||3-5-0-0-1-1||658600|
125|125||3-5-0-0-1-1||12320|
126|126||3-5-0-0-1-1||12320|
127|127||3-5-0-0-1-1||146000|
128|128||3-5-0-0-1-1||30100|
129|129||3-5-0-0-1-1||20220|
130|130||3-5-0-0-1-1||7805100|
131|131||3-5-0-0-1-1||3414240|
132|132||3-5-0-0-1-1||11340|
133|133||3-5-0-0-1-1||12320|
134|134||3-5-0-0-1-1||162400|
135|135||3-5-0-0-1-1||12420|
136|136||3-5-0-0-1-1||1395020|
137|137||3-5-0-0-1-1||39500|
138|138||3-5-0-0-1-1||40443|
139|139||3-5-0-0-1-1||18500|
140|140||3-5-0-0-1-1||384640|
141|141||3-5-0-0-1-1||53500|
142|142||3-5-0-0-1-1||564500|
143|143||3-5-0-0-1-1||1424200|
144|144||3-5-0-0-1-1||19900|
145|145||3-5-0-0-1-1||16600|
146|146||3-5-0-0-1-1||40000|
147|147||3-5-0-0-1-1||25200|
148|148||3-5-0-0-1-1||641460|
149|149||3-5-0-0-1-1||3397620|
150|150||3-5-0-0-1-1||148800|
151|151||3-5-0-0-1-1||384500|
152|152||3-5-0-0-1-1||24600|
153|153||3-5-0-0-1-1||10820|
154|154||3-5-0-0-1-1||12320|
155|155||3-5-0-0-1-1||577900|
156|156||3-5-0-0-1-1||12300|
157|157||3-5-0-0-1-1||42540|
158|158||3-5-0-0-1-1||42540|
159|159||3-5-0-0-1-1||41540|
160|160||3-5-0-0-1-1||28320|
161|161||3-5-0-0-1-1||12600|
162|162||3-5-0-0-1-1||12320|
163|163||3-5-0-0-1-1||160160|
164|164||3-5-0-0-1-1||985600|
165|165||3-5-0-0-1-1||102200|
166|166||3-5-0-0-1-1||1180400|
167|167||3-5-0-0-1-1||39200|
168|168||3-5-0-0-1-1||24000|
169|169||3-5-0-0-1-1||170100|
170|170||3-5-0-0-1-1||151200|
171|171||3-5-0-0-1-1||94100|
172|172||3-5-0-0-1-1||12320|
173|173||3-5-0-0-1-1||1345100|
174|174||3-5-0-0-1-1||86600|
175|175||3-5-0-0-1-1||9879980|
176|176||3-5-0-0-1-1||50760|
177|177||3-5-0-0-1-1||62640|
178|178||3-5-0-0-1-1||197120|
179|179||3-5-0-0-1-1||72058|
180|180||3-5-0-0-1-1||300231|
181|181||3-5-0-0-1-1||271300|
182|182||3-5-0-0-1-1||377692|
183|183||3-5-0-0-1-1||12320|
184|184||3-5-0-0-1-1||30200|
185|185||3-5-0-0-1-1||24640|
186|186||3-5-0-0-1-1||12720|
187|187||3-5-0-0-1-1||66640|
188|188||3-5-0-0-1-1||16100|
189|189||3-5-0-0-1-1||24880|
190|190||3-5-0-0-1-1||1428600|
191|191||3-5-0-0-1-1||24740|
192|192||3-5-0-0-1-1||236220|
193|193||3-5-0-0-1-1||24640|
194|194||3-5-0-0-1-1||178720|
195|195||3-5-0-0-1-1||12320|
196|196||3-5-0-0-1-1||18700|
197|197||3-5-0-0-1-1||3080|
198|198||3-5-0-0-1-1||3100|
199|199||3-5-0-0-1-1||14720|
200|200||3-5-0-0-1-1||357667|
