1|1||3-5-0-0-1-1||140000|
2|2||3-5-0-0-1-1||24640|
3|3||3-5-0-0-1-1||36980|
4|4||3-5-0-0-1-1||27400|
5|5||3-5-0-0-1-1||61400|
6|6||3-5-0-0-1-1||67400|
7|7||3-5-0-0-1-1||24640|
8|8||3-5-0-0-1-1||1643|
9|9||3-5-0-0-1-1||36960|
10|10||3-5-0-0-1-1||65960|
11|11||3-5-0-0-1-1||23408|
12|12||3-5-0-0-1-1||129100|
13|13||3-5-0-0-1-1||12320|
14|14||3-5-0-0-1-1||12320|
15|15||3-5-0-0-1-1||12520|
16|16||3-5-0-0-1-1||12320|
17|17||3-5-0-0-1-1||280000|
18|18||3-5-0-0-1-1||44200|
19|19||3-5-0-0-1-1||12320|
20|20||3-5-0-0-1-1||12320|
21|21||3-5-0-0-1-1||4107|
22|22||3-5-0-0-1-1||12320|
23|23||3-5-0-0-1-1||9000|
24|24||3-5-0-0-1-1||12320|
25|25||3-5-0-0-1-1||12420|
26|26||3-5-0-0-1-1||12320|
27|27||3-5-0-0-1-1||14700|
28|28||3-5-0-0-1-1||7695|
29|29||3-5-0-0-1-1||24740|
30|30||3-5-0-0-1-1||30940|
31|31||3-5-0-0-1-1||336000|
32|32||3-5-0-0-1-1||12700|
33|33||3-5-0-0-1-1||14728080|
34|34||3-5-0-0-1-1||1619500|
35|35||3-5-0-0-1-1||40600|
36|36||3-5-0-0-1-1||24640|
37|37||3-5-0-0-1-1||33200|
38|38||3-5-0-0-1-1||2120|
39|39||3-5-0-0-1-1||1660758|
40|40||3-5-0-0-1-1||366550|
41|41||3-5-0-0-1-1||309360|
42|42||3-5-0-0-1-1||363866|
43|43||3-5-0-0-1-1||17600|
44|44||3-5-0-0-1-1||920539|
45|45||3-5-0-0-1-1||135520|
46|46||3-5-0-0-1-1||851420|
47|47||3-5-0-0-1-1||446180|
48|48||3-5-0-0-1-1||12320|
49|49||3-5-0-0-1-1||78100|
50|50||3-5-0-0-1-1||101700|
51|51||3-5-0-0-1-1||12300|
52|52||3-5-0-0-1-1||2143400|
53|53||3-5-0-0-1-1||503100|
54|54||3-5-0-0-1-1||1191400|
55|55||3-5-0-0-1-1||520190|
56|56||3-5-0-0-1-1||117520|
57|57||3-5-0-0-1-1||2260893|
58|58||3-5-0-0-1-1||1423040|
59|59||3-5-0-0-1-1||12320|
60|60||3-5-0-0-1-1||16938120|
61|61||3-5-0-0-1-1||149220|
62|62||3-5-0-0-1-1||84|
63|63||3-5-0-0-1-1||89000|
64|64||3-5-0-0-1-1||6114966|
65|65||3-5-0-0-1-1||74660|
66|66||3-5-0-0-1-1||377500|
67|67||3-5-0-0-1-1||32500|
68|68||3-5-0-0-1-1||199922|
69|69||3-5-0-0-1-1||49280|
70|70||3-5-0-0-1-1||200|
71|71||3-5-0-0-1-1||211500|
72|72||3-5-0-0-1-1||86660|
73|73||3-5-0-0-1-1||7092140|
74|74||3-5-0-0-1-1||61500|
75|75||3-5-0-0-1-1||104705000|
76|76||3-5-0-0-1-1||637520|
77|77||3-5-0-0-1-1||5200|
78|78||3-5-0-0-1-1||5449200|
79|79||3-5-0-0-1-1||1182760|
80|80||3-5-0-0-1-1||191440|
81|81||3-5-0-0-1-1||526920|
82|82||3-5-0-0-1-1||24640|
83|83||3-5-0-0-1-1||11611320|
84|84||3-5-0-0-1-1||3571940|
85|85||3-5-0-0-1-1||9270200|
86|86||3-5-0-0-1-1||13000|
87|87||3-5-0-0-1-1||430140|
88|88||3-5-0-0-1-1||24640|
89|89||3-5-0-0-1-1||16100|
90|90||3-5-0-0-1-1||233700|
91|91||3-5-0-0-1-1||244200|
92|92||3-5-0-0-1-1||239000|
93|93||3-5-0-0-1-1||12700|
94|94||3-5-0-0-1-1||12300|
95|95||3-5-0-0-1-1||12300|
96|96||3-5-0-0-1-1||12300|
97|97||3-5-0-0-1-1||12300|
98|98||3-5-0-0-1-1||49200|
99|99||3-5-0-0-1-1||18900|
100|100||3-5-0-0-1-1||12300|
101|101||3-5-0-0-1-1||11790|
102|102||3-5-0-0-1-1||12500|
103|103||3-5-0-0-1-1||12300|
104|104||3-5-0-0-1-1||12300|
105|105||3-5-0-0-1-1||12300|
106|106||3-5-0-0-1-1||2500|
107|107||3-5-0-0-1-1||12300|
108|108||3-5-0-0-1-1||24400|
109|109||3-5-0-0-1-1||12600|
110|110||3-5-0-0-1-1||14700|
111|111||3-5-0-0-1-1||12400|
112|112||3-5-0-0-1-1||12300|
113|113||3-5-0-0-1-1||12300|
114|114||3-5-0-0-1-1||24200|
115|115||3-5-0-0-1-1||36900|
116|116||3-5-0-0-1-1||43500|
117|117||3-5-0-0-1-1||26100|
118|118||3-5-0-0-1-1||13300|
119|119||3-5-0-0-1-1||10900|
120|120||3-5-0-0-1-1||12700|
121|121||3-5-0-0-1-1||30300|
122|122||3-5-0-0-1-1||12700|
123|123||3-5-0-0-1-1||12900|
124|124||3-5-0-0-1-1||12400|
125|125||3-5-0-0-1-1||12300|
126|126||3-5-0-0-1-1||24600|
127|127||3-5-0-0-1-1||12300|
128|128||3-5-0-0-1-1||24600|
129|129||3-5-0-0-1-1||12300|
130|130||3-5-0-0-1-1||865900|
131|131||3-5-0-0-1-1||12300|
132|132||3-5-0-0-1-1||3200|
133|133||3-5-0-0-1-1||6200|
134|134||3-5-0-0-1-1||12300|
135|135||3-5-0-0-1-1||36900|
136|136||3-5-0-0-1-1||37000|
137|137||3-5-0-0-1-1||16000|
138|138||3-5-0-0-1-1||23500|
139|139||3-5-0-0-1-1||36900|
140|140||3-5-0-0-1-1||49200|
141|141||3-5-0-0-1-1||12300|
142|142||3-5-0-0-1-1||12300|
143|143||3-5-0-0-1-1||25300|
144|144||3-5-0-0-1-1||800|
145|145||3-5-0-0-1-1||2100|
146|146||3-5-0-0-1-1||12300|
147|147||3-5-0-0-1-1||49200|
148|148||3-5-0-0-1-1||12400|
149|149||3-5-0-0-1-1||12300|
150|150||3-5-0-0-1-1||36900|
151|151||3-5-0-0-1-1||12300|
152|152||3-5-0-0-1-1||12300|
153|153||3-5-0-0-1-1||12320|
154|154||3-5-0-0-1-1||87100|
155|155||3-5-0-0-1-1||12320|
156|156||3-5-0-0-1-1||24640|
157|157||3-5-0-0-1-1||36960|
158|158||3-5-0-0-1-1||15100|
159|159||3-5-0-0-1-1||10000|
160|160||3-5-0-0-1-1||12720|
161|161||3-5-0-0-1-1||12320|
162|162||3-5-0-0-1-1||53487|
163|163||3-5-0-0-1-1||11640|
164|164||3-5-0-0-1-1||13600|
165|165||3-5-0-0-1-1||131200|
166|166||3-5-0-0-1-1||12320|
167|167||3-5-0-0-1-1||9300|
168|168||3-5-0-0-1-1||12320|
169|169||3-5-0-0-1-1||119094|
170|170||3-5-0-0-1-1||5224|
171|171||3-5-0-0-1-1||12320|
172|172||3-5-0-0-1-1||12320|
173|173||3-5-0-0-1-1||50200|
174|174||3-5-0-0-1-1||51500|
175|175||3-5-0-0-1-1||24640|
176|176||3-5-0-0-1-1||12320|
177|177||3-5-0-0-1-1||12320|
178|178||3-5-0-0-1-1||3000|
179|179||3-5-0-0-1-1||24640|
180|180||3-5-0-0-1-1||12320|
181|181||3-5-0-0-1-1||37160|
182|182||3-5-0-0-1-1||37160|
183|183||3-5-0-0-1-1||16000|
184|184||3-5-0-0-1-1||12320|
185|185||3-5-0-0-1-1||24200|
186|186||3-5-0-0-1-1||8000|
187|187||3-5-0-0-1-1||37060|
188|188||3-5-0-0-1-1||12320|
189|189||3-5-0-0-1-1||86540|
190|190||3-5-0-0-1-1||7100|
191|191||3-5-0-0-1-1||24640|
192|192||3-5-0-0-1-1||23900|
193|193||3-5-0-0-1-1||12320|
194|194||3-5-0-0-1-1||12420|
195|195||3-5-0-0-1-1||73920|
196|196||3-5-0-0-1-1||24640|
197|197||3-5-0-0-1-1||4928|
198|198||3-5-0-0-1-1||1096000|
199|199||3-5-0-0-1-1||12320|
200|200||3-5-0-0-1-1||12320|
