1|1||3-5-0-0-1-1||12420|
2|2||3-5-0-0-1-1||32520|
3|3||3-5-0-0-1-1||12320|
4|4||3-5-0-0-1-1||12320|
5|5||3-5-0-0-1-1||16000|
6|6||3-5-0-0-1-1||12320|
7|7||3-5-0-0-1-1||20320|
8|8||3-5-0-0-1-1||24640|
9|9||3-5-0-0-1-1||246400|
10|10||3-5-0-0-1-1||14000|
11|11||3-5-0-0-1-1||216800|
12|12||3-5-0-0-1-1||12720|
13|13||3-5-0-0-1-1||12420|
14|14||3-5-0-0-1-1||12320|
15|15||3-5-0-0-1-1||160170|
16|16||3-5-0-0-1-1||1030000|
17|17||3-5-0-0-1-1||205260|
18|18||3-5-0-0-1-1||282800|
19|19||3-5-0-0-1-1||12320|
20|20||3-5-0-0-1-1||4|
21|21||3-5-0-0-1-1||12320|
22|22||3-5-0-0-1-1||12620|
23|23||3-5-0-0-1-1||206020|
24|24||3-5-0-0-1-1||300980|
25|25||3-5-0-0-1-1||153200|
26|26||3-5-0-0-1-1||602400|
27|27||3-5-0-0-1-1||637060|
28|28||3-5-0-0-1-1||12420|
29|29||3-5-0-0-1-1||24740|
30|30||3-5-0-0-1-1||493600|
31|31||3-5-0-0-1-1||417600|
32|32||3-5-0-0-1-1||12320|
33|33||3-5-0-0-1-1||15600|
34|34||3-5-0-0-1-1||7600|
35|35||3-5-0-0-1-1||24640|
36|36||3-5-0-0-1-1||200|
37|37||3-5-0-0-1-1||500|
38|38||3-5-0-0-1-1||24640|
39|39||3-5-0-0-1-1||238040|
40|40||3-5-0-0-1-1||13920|
41|41||3-5-0-0-1-1||81380|
42|42||3-5-0-0-1-1||406100|
43|43||3-5-0-0-1-1||670142|
44|44||3-5-0-0-1-1||12320|
45|45||3-5-0-0-1-1||148520|
46|46||3-5-0-0-1-1||72320|
47|47||3-5-0-0-1-1||231500|
48|48||3-5-0-0-1-1||24640|
49|49||3-5-0-0-1-1||135520|
50|50||3-5-0-0-1-1||12300|
51|51||3-5-0-0-1-1||1115100|
52|52||3-5-0-0-1-1||12800|
53|53||3-5-0-0-1-1||101900|
54|54||3-5-0-0-1-1||12420|
55|55||3-5-0-0-1-1||6200|
56|56||3-5-0-0-1-1||48500|
57|57||3-5-0-0-1-1||12320|
58|58||3-5-0-0-1-1||48960|
59|59||3-5-0-0-1-1||15239|
60|60||3-5-0-0-1-1||12100|
61|61||3-5-0-0-1-1||400|
62|62||3-5-0-0-1-1||49380|
63|63||3-5-0-0-1-1||12320|
64|64||3-5-0-0-1-1||12320|
65|65||3-5-0-0-1-1||6160|
66|66||3-5-0-0-1-1||12320|
67|67||3-5-0-0-1-1||6200|
68|68||3-5-0-0-1-1||15000|
69|69||3-5-0-0-1-1||24640|
70|70||3-5-0-0-1-1||600|
71|71||3-5-0-0-1-1||12320|
72|72||3-5-0-0-1-1||12320|
73|73||3-5-0-0-1-1||61900|
74|74||3-5-0-0-1-1||24740|
75|75||3-5-0-0-1-1||1101706|
76|76||3-5-0-0-1-1||75600|
77|77||3-5-0-0-1-1||450820|
78|78||3-5-0-0-1-1||188900|
79|79||3-5-0-0-1-1||4341400|
80|80||3-5-0-0-1-1||16000|
81|81||3-5-0-0-1-1||134800|
82|82||3-5-0-0-1-1||12320|
83|83||3-5-0-0-1-1||123200|
84|84||3-5-0-0-1-1||16600|
85|85||3-5-0-0-1-1||17000|
86|86||3-5-0-0-1-1||12320|
87|87||3-5-0-0-1-1||24640|
88|88||3-5-0-0-1-1||12320|
89|89||3-5-0-0-1-1||18520|
90|90||3-5-0-0-1-1||20000|
91|91||3-5-0-0-1-1||1438000|
92|92||3-5-0-0-1-1||12400|
93|93||3-5-0-0-1-1||36960|
94|94||3-5-0-0-1-1||232800|
95|95||3-5-0-0-1-1||14000|
96|96||3-5-0-0-1-1||80914|
97|97||3-5-0-0-1-1||12500|
98|98||3-5-0-0-1-1||11340|
99|99||3-5-0-0-1-1||112100|
100|100||3-5-0-0-1-1||207000|
101|101||3-5-0-0-1-1||164600|
102|102||3-5-0-0-1-1||808000|
103|103||3-5-0-0-1-1||98960|
104|104||3-5-0-0-1-1||12520|
105|105||3-5-0-0-1-1||139020|
106|106||3-5-0-0-1-1||106300|
107|107||3-5-0-0-1-1||9900|
108|108||3-5-0-0-1-1||210440|
109|109||3-5-0-0-1-1||4895772|
110|110||3-5-0-0-1-1||261320|
111|111||3-5-0-0-1-1||12320|
112|112||3-5-0-0-1-1||12320|
113|113||3-5-0-0-1-1||12620|
114|114||3-5-0-0-1-1||1052300|
115|115||3-5-0-0-1-1||322700|
116|116||3-5-0-0-1-1||128200|
117|117||3-5-0-0-1-1||112100|
118|118||3-5-0-0-1-1||187200|
119|119||3-5-0-0-1-1||19900|
120|120||3-5-0-0-1-1||23635500|
121|121||3-5-0-0-1-1||24700|
122|122||3-5-0-0-1-1||500|
123|123||3-5-0-0-1-1||167700|
124|124||3-5-0-0-1-1||3290|
125|125||3-5-0-0-1-1||759800|
126|126||3-5-0-0-1-1||870000|
127|127||3-5-0-0-1-1||12300|
128|128||3-5-0-0-1-1||29600|
129|129||3-5-0-0-1-1||49500|
130|130||3-5-0-0-1-1||74100|
131|131||3-5-0-0-1-1||74920|
132|132||3-5-0-0-1-1||25320|
133|133||3-5-0-0-1-1||24640|
134|134||3-5-0-0-1-1||90340|
135|135||3-5-0-0-1-1||37000|
136|136||3-5-0-0-1-1||58740|
137|137||3-5-0-0-1-1||101820|
138|138||3-5-0-0-1-1||32900|
139|139||3-5-0-0-1-1||16160|
140|140||3-5-0-0-1-1||12320|
141|141||3-5-0-0-1-1||45310|
142|142||3-5-0-0-1-1||90800|
143|143||3-5-0-0-1-1||57020|
144|144||3-5-0-0-1-1||12720|
145|145||3-5-0-0-1-1||12320|
146|146||3-5-0-0-1-1||12300|
147|147||3-5-0-0-1-1||37200|
148|148||3-5-0-0-1-1||32400|
149|149||3-5-0-0-1-1||27180|
150|150||3-5-0-0-1-1||12320|
151|151||3-5-0-0-1-1||49280|
152|152||3-5-0-0-1-1||24740|
153|153||3-5-0-0-1-1||49480|
154|154||3-5-0-0-1-1||12320|
155|155||3-5-0-0-1-1||12620|
156|156||3-5-0-0-1-1||65600|
157|157||3-5-0-0-1-1||78160|
158|158||3-5-0-0-1-1||822|
159|159||3-5-0-0-1-1||12320|
160|160||3-5-0-0-1-1||12320|
161|161||3-5-0-0-1-1||12320|
162|162||3-5-0-0-1-1||7398|
163|163||3-5-0-0-1-1||12620|
164|164||3-5-0-0-1-1||12920|
165|165||3-5-0-0-1-1||12320|
166|166||3-5-0-0-1-1||12800|
167|167||3-5-0-0-1-1||44640|
168|168||3-5-0-0-1-1||12320|
169|169||3-5-0-0-1-1||24640|
170|170||3-5-0-0-1-1||50580|
171|171||3-5-0-0-1-1||52880|
172|172||3-5-0-0-1-1||51780|
173|173||3-5-0-0-1-1||49280|
174|174||3-5-0-0-1-1||164560|
175|175||3-5-0-0-1-1||123200|
176|176||3-5-0-0-1-1||12320|
177|177||3-5-0-0-1-1||147840|
178|178||3-5-0-0-1-1||24740|
179|179||3-5-0-0-1-1||12320|
180|180||3-5-0-0-1-1||2100|
181|181||3-5-0-0-1-1||30840|
182|182||3-5-0-0-1-1||13963|
183|183||3-5-0-0-1-1||12420|
184|184||3-5-0-0-1-1||3100|
185|185||3-5-0-0-1-1||237000|
186|186||3-5-0-0-1-1||31000|
187|187||3-5-0-0-1-1||38800|
188|188||3-5-0-0-1-1||12420|
189|189||3-5-0-0-1-1||49480|
190|190||3-5-0-0-1-1||56220|
191|191||3-5-0-0-1-1||16940|
192|192||3-5-0-0-1-1||24840|
193|193||3-5-0-0-1-1||12300|
194|194||3-5-0-0-1-1||12420|
195|195||3-5-0-0-1-1||46400|
196|196||3-5-0-0-1-1||12320|
197|197||3-5-0-0-1-1||12320|
198|198||3-5-0-0-1-1||39440|
199|199||3-5-0-0-1-1||13800|
200|200||3-5-0-0-1-1||13300|
