1|1||3-5-0-0-1-1||12320|
2|2||3-5-0-0-1-1||14180|
3|3||3-5-0-0-1-1||38640|
4|4||3-5-0-0-1-1||12320|
5|5||3-5-0-0-1-1||6160|
6|6||3-5-0-0-1-1||12320|
7|7||3-5-0-0-1-1||12320|
8|8||3-5-0-0-1-1||37000|
9|9||3-5-0-0-1-1||12320|
10|10||3-5-0-0-1-1||12420|
11|11||3-5-0-0-1-1||12920|
12|12||3-5-0-0-1-1||44520|
13|13||3-5-0-0-1-1||12420|
14|14||3-5-0-0-1-1||12320|
15|15||3-5-0-0-1-1||37060|
16|16||3-5-0-0-1-1||100204|
17|17||3-5-0-0-1-1||74340|
18|18||3-5-0-0-1-1||2100|
19|19||3-5-0-0-1-1||55620|
20|20||3-5-0-0-1-1||61500|
21|21||3-5-0-0-1-1||12421|
22|22||3-5-0-0-1-1||24700|
23|23||3-5-0-0-1-1||61800|
24|24||3-5-0-0-1-1||12320|
25|25||3-5-0-0-1-1||12320|
26|26||3-5-0-0-1-1||12620|
27|27||3-5-0-0-1-1||23660|
28|28||3-5-0-0-1-1||12420|
29|29||3-5-0-0-1-1||26940|
30|30||3-5-0-0-1-1||98760|
31|31||3-5-0-0-1-1||12320|
32|32||3-5-0-0-1-1||61600|
33|33||3-5-0-0-1-1||12400|
34|34||3-5-0-0-1-1||74400|
35|35||3-5-0-0-1-1||12320|
36|36||3-5-0-0-1-1||12320|
37|37||3-5-0-0-1-1||123200|
38|38||3-5-0-0-1-1||2464|
39|39||3-5-0-0-1-1||24640|
40|40||3-5-0-0-1-1||12420|
41|41||3-5-0-0-1-1||61600|
42|42||3-5-0-0-1-1||2352060|
43|43||3-5-0-0-1-1||10300|
44|44||3-5-0-0-1-1||12320|
45|45||3-5-0-0-1-1||875700|
46|46||3-5-0-0-1-1||326700|
47|47||3-5-0-0-1-1||214360|
48|48||3-5-0-0-1-1||24640|
49|49||3-5-0-0-1-1||12320|
50|50||3-5-0-0-1-1||12320|
51|51||3-5-0-0-1-1||37060|
52|52||3-5-0-0-1-1||12320|
53|53||3-5-0-0-1-1||12320|
54|54||3-5-0-0-1-1||46800|
55|55||3-5-0-0-1-1||75720|
56|56||3-5-0-0-1-1||24900|
57|57||3-5-0-0-1-1||52800|
58|58||3-5-0-0-1-1||24740|
59|59||3-5-0-0-1-1||12620|
60|60||3-5-0-0-1-1||12320|
61|61||3-5-0-0-1-1||12400|
62|62||3-5-0-0-1-1||45600|
63|63||3-5-0-0-1-1||12320|
64|64||3-5-0-0-1-1||12320|
65|65||3-5-0-0-1-1||12300|
66|66||3-5-0-0-1-1||97800|
67|67||3-5-0-0-1-1||49480|
68|68||3-5-0-0-1-1||49380|
69|69||3-5-0-0-1-1||12320|
70|70||3-5-0-0-1-1||12320|
71|71||3-5-0-0-1-1||12520|
72|72||3-5-0-0-1-1||24740|
73|73||3-5-0-0-1-1||12320|
74|74||3-5-0-0-1-1||12520|
75|75||3-5-0-0-1-1||61900|
76|76||3-5-0-0-1-1||12600|
77|77||3-5-0-0-1-1||12300|
78|78||3-5-0-0-1-1||15800|
79|79||3-5-0-0-1-1||12420|
80|80||3-5-0-0-1-1||36960|
81|81||3-5-0-0-1-1||16427|
82|82||3-5-0-0-1-1||24840|
83|83||3-5-0-0-1-1||13220|
84|84||3-5-0-0-1-1||12320|
85|85||3-5-0-0-1-1||74200|
86|86||3-5-0-0-1-1||12320|
87|87||3-5-0-0-1-1||12420|
88|88||3-5-0-0-1-1||12320|
89|89||3-5-0-0-1-1||3600|
90|90||3-5-0-0-1-1||13020|
91|91||3-5-0-0-1-1||12720|
92|92||3-5-0-0-1-1||420|
93|93||3-5-0-0-1-1||18500|
94|94||3-5-0-0-1-1||37160|
95|95||3-5-0-0-1-1||12320|
96|96||3-5-0-0-1-1||12420|
97|97||3-5-0-0-1-1||12320|
98|98||3-5-0-0-1-1||12420|
99|99||3-5-0-0-1-1||12420|
100|100||3-5-0-0-1-1||12800|
101|101||3-5-0-0-1-1||12320|
102|102||3-5-0-0-1-1||67080|
103|103||3-5-0-0-1-1||12320|
104|104||3-5-0-0-1-1||28400|
105|105||3-5-0-0-1-1||73800|
106|106||3-5-0-0-1-1||12320|
107|107||3-5-0-0-1-1||17000|
108|108||3-5-0-0-1-1||6200|
109|109||3-5-0-0-1-1||12320|
110|110||3-5-0-0-1-1||2060|
111|111||3-5-0-0-1-1||12320|
112|112||3-5-0-0-1-1||112112|
113|113||3-5-0-0-1-1||25520|
114|114||3-5-0-0-1-1||12320|
115|115||3-5-0-0-1-1||12320|
116|116||3-5-0-0-1-1||12320|
117|117||3-5-0-0-1-1||12320|
118|118||3-5-0-0-1-1||12320|
119|119||3-5-0-0-1-1||12420|
120|120||3-5-0-0-1-1||12320|
121|121||3-5-0-0-1-1||24640|
122|122||3-5-0-0-1-1||12320|
123|123||3-5-0-0-1-1||38160|
124|124||3-5-0-0-1-1||37160|
125|125||3-5-0-0-1-1||2100|
126|126||3-5-0-0-1-1||5800|
127|127||3-5-0-0-1-1||1240|
128|128||3-5-0-0-1-1||12320|
129|129||3-5-0-0-1-1||10938|
130|130||3-5-0-0-1-1||4000|
131|131||3-5-0-0-1-1||73360|
132|132||3-5-0-0-1-1||12320|
133|133||3-5-0-0-1-1||12320|
134|134||3-5-0-0-1-1||12720|
135|135||3-5-0-0-1-1||197320|
136|136||3-5-0-0-1-1||12320|
137|137||3-5-0-0-1-1||12320|
138|138||3-5-0-0-1-1||73920|
139|139||3-5-0-0-1-1||12320|
140|140||3-5-0-0-1-1||12320|
141|141||3-5-0-0-1-1||12320|
142|142||3-5-0-0-1-1||24740|
143|143||3-5-0-0-1-1||12320|
144|144||3-5-0-0-1-1||12800|
145|145||3-5-0-0-1-1||29320|
146|146||3-5-0-0-1-1||12320|
147|147||3-5-0-0-1-1||12320|
148|148||3-5-0-0-1-1||49280|
149|149||3-5-0-0-1-1||73920|
150|150||3-5-0-0-1-1||12320|
151|151||3-5-0-0-1-1||12320|
152|152||3-5-0-0-1-1||36900|
153|153||3-5-0-0-1-1||4000|
154|154||3-5-0-0-1-1||199600|
155|155||3-5-0-0-1-1||26283|
156|156||3-5-0-0-1-1||12320|
157|157||3-5-0-0-1-1||200|
158|158||3-5-0-0-1-1||392100|
159|159||3-5-0-0-1-1||2856700|
160|160||3-5-0-0-1-1||306400|
161|161||3-5-0-0-1-1||12320|
162|162||3-5-0-0-1-1||112100|
163|163||3-5-0-0-1-1||174400|
164|164||3-5-0-0-1-1||243400|
165|165||3-5-0-0-1-1||12420|
166|166||3-5-0-0-1-1||3784000|
167|167||3-5-0-0-1-1||3300|
168|168||3-5-0-0-1-1||12320|
169|169||3-5-0-0-1-1||143500|
170|170||3-5-0-0-1-1||112100|
171|171||3-5-0-0-1-1||14300|
172|172||3-5-0-0-1-1||48900|
173|173||3-5-0-0-1-1||33700|
174|174||3-5-0-0-1-1||40800|
175|175||3-5-0-0-1-1||40300|
176|176||3-5-0-0-1-1||42700|
177|177||3-5-0-0-1-1||20400|
178|178||3-5-0-0-1-1||42900|
179|179||3-5-0-0-1-1||9900|
180|180||3-5-0-0-1-1||10200|
181|181||3-5-0-0-1-1||23300|
182|182||3-5-0-0-1-1||35300|
183|183||3-5-0-0-1-1||168000|
184|184||3-5-0-0-1-1||13200|
185|185||3-5-0-0-1-1||12300|
186|186||3-5-0-0-1-1||70700|
187|187||3-5-0-0-1-1||12320|
188|188||3-5-0-0-1-1||24820|
189|189||3-5-0-0-1-1||24640|
190|190||3-5-0-0-1-1||12320|
191|191||3-5-0-0-1-1||24600|
192|192||3-5-0-0-1-1||400|
193|193||3-5-0-0-1-1||400|
194|194||3-5-0-0-1-1||24740|
195|195||3-5-0-0-1-1||600|
196|196||3-5-0-0-1-1||479100|
197|197||3-5-0-0-1-1||140000|
198|198||3-5-0-0-1-1||1021420|
199|199||3-5-0-0-1-1||12320|
200|200||3-5-0-0-1-1||16200|
