1|1||3-5-0-0-1-1||12000|
2|2||3-5-0-0-1-1||521360|
3|3||3-5-0-0-1-1||12420|
4|4||3-5-0-0-1-1||12320|
5|5||3-5-0-0-1-1||185100|
6|6||3-5-0-0-1-1||24740|
7|7||3-5-0-0-1-1||12320|
8|8||3-5-0-0-1-1||135520|
9|9||3-5-0-0-1-1||43400|
10|10||3-5-0-0-1-1||12420|
11|11||3-5-0-0-1-1||12420|
12|12||3-5-0-0-1-1||61600|
13|13||3-5-0-0-1-1||12320|
14|14||3-5-0-0-1-1||53600|
15|15||3-5-0-0-1-1||247790|
16|16||3-5-0-0-1-1||76120|
17|17||3-5-0-0-1-1||29820|
18|18||3-5-0-0-1-1||12320|
19|19||3-5-0-0-1-1||12420|
20|20||3-5-0-0-1-1||13500|
21|21||3-5-0-0-1-1||12320|
22|22||3-5-0-0-1-1||379800|
23|23||3-5-0-0-1-1||319000|
24|24||3-5-0-0-1-1||113180|
25|25||3-5-0-0-1-1||13000|
26|26||3-5-0-0-1-1||61780|
27|27||3-5-0-0-1-1||36960|
28|28||3-5-0-0-1-1||46700|
29|29||3-5-0-0-1-1||12320|
30|30||3-5-0-0-1-1||12320|
31|31||3-5-0-0-1-1||800|
32|32||3-5-0-0-1-1||12320|
33|33||3-5-0-0-1-1||1700240|
34|34||3-5-0-0-1-1||12320|
35|35||3-5-0-0-1-1||796700|
36|36||3-5-0-0-1-1||160000|
37|37||3-5-0-0-1-1||112320|
38|38||3-5-0-0-1-1||36900|
39|39||3-5-0-0-1-1||100900|
40|40||3-5-0-0-1-1||315780|
41|41||3-5-0-0-1-1||23780|
42|42||3-5-0-0-1-1||266600|
43|43||3-5-0-0-1-1||13000|
44|44||3-5-0-0-1-1||24740|
45|45||3-5-0-0-1-1||12320|
46|46||3-5-0-0-1-1||15800|
47|47||3-5-0-0-1-1||12320|
48|48||3-5-0-0-1-1||20675|
49|49||3-5-0-0-1-1||23520|
50|50||3-5-0-0-1-1||133290|
51|51||3-5-0-0-1-1||19495|
52|52||3-5-0-0-1-1||3955|
53|53||3-5-0-0-1-1||73000|
54|54||3-5-0-0-1-1||24640|
55|55||3-5-0-0-1-1||12320|
56|56||3-5-0-0-1-1||12420|
57|57||3-5-0-0-1-1||52200|
58|58||3-5-0-0-1-1||12320|
59|59||3-5-0-0-1-1||41000|
60|60||3-5-0-0-1-1||37000|
61|61||3-5-0-0-1-1||760740|
62|62||3-5-0-0-1-1||12320|
63|63||3-5-0-0-1-1||27340|
64|64||3-5-0-0-1-1||12320|
65|65||3-5-0-0-1-1||61700|
66|66||3-5-0-0-1-1||12320|
67|67||3-5-0-0-1-1||174001|
68|68||3-5-0-0-1-1||26600|
69|69||3-5-0-0-1-1||12320|
70|70||3-5-0-0-1-1||112100|
71|71||3-5-0-0-1-1||461100|
72|72||3-5-0-0-1-1||49380|
73|73||3-5-0-0-1-1||12320|
74|74||3-5-0-0-1-1||12320|
75|75||3-5-0-0-1-1||24740|
76|76||3-5-0-0-1-1||37760|
77|77||3-5-0-0-1-1||12320|
78|78||3-5-0-0-1-1||12300|
79|79||3-5-0-0-1-1||12320|
80|80||3-5-0-0-1-1||4650400|
81|81||3-5-0-0-1-1||3533600|
82|82||3-5-0-0-1-1||12420|
83|83||3-5-0-0-1-1||11415700|
84|84||3-5-0-0-1-1||12320|
85|85||3-5-0-0-1-1||728100|
86|86||3-5-0-0-1-1||20000|
87|87||3-5-0-0-1-1||300500|
88|88||3-5-0-0-1-1||221600|
89|89||3-5-0-0-1-1||12320|
90|90||3-5-0-0-1-1||12320|
91|91||3-5-0-0-1-1||36960|
92|92||3-5-0-0-1-1||12320|
93|93||3-5-0-0-1-1||12320|
94|94||3-5-0-0-1-1||120020|
95|95||3-5-0-0-1-1||11910|
96|96||3-5-0-0-1-1||9240|
97|97||3-5-0-0-1-1||12320|
98|98||3-5-0-0-1-1||12320|
99|99||3-5-0-0-1-1||12320|
100|100||3-5-0-0-1-1||12320|
101|101||3-5-0-0-1-1||24640|
102|102||3-5-0-0-1-1||11910|
103|103||3-5-0-0-1-1||36960|
104|104||3-5-0-0-1-1||12620|
105|105||3-5-0-0-1-1||155000|
106|106||3-5-0-0-1-1||12320|
107|107||3-5-0-0-1-1||29700|
108|108||3-5-0-0-1-1||93340|
109|109||3-5-0-0-1-1||12420|
110|110||3-5-0-0-1-1||98300|
111|111||3-5-0-0-1-1||24740|
112|112||3-5-0-0-1-1||12320|
113|113||3-5-0-0-1-1||216580|
114|114||3-5-0-0-1-1||12320|
115|115||3-5-0-0-1-1||70100|
116|116||3-5-0-0-1-1||12420|
117|117||3-5-0-0-1-1||12320|
118|118||3-5-0-0-1-1||171040|
119|119||3-5-0-0-1-1||12320|
120|120||3-5-0-0-1-1||85100|
121|121||3-5-0-0-1-1||15300|
122|122||3-5-0-0-1-1||3800|
123|123||3-5-0-0-1-1||12320|
124|124||3-5-0-0-1-1||73920|
125|125||3-5-0-0-1-1||12320|
126|126||3-5-0-0-1-1||28700|
127|127||3-5-0-0-1-1||12320|
128|128||3-5-0-0-1-1||12320|
129|129||3-5-0-0-1-1||50000|
130|130||3-5-0-0-1-1||12320|
131|131||3-5-0-0-1-1||52160|
132|132||3-5-0-0-1-1||12320|
133|133||3-5-0-0-1-1||98760|
134|134||3-5-0-0-1-1||122520|
135|135||3-5-0-0-1-1||61600|
136|136||3-5-0-0-1-1||90640|
137|137||3-5-0-0-1-1||172480|
138|138||3-5-0-0-1-1||193000|
139|139||3-5-0-0-1-1||249740|
140|140||3-5-0-0-1-1||184800|
141|141||3-5-0-0-1-1||123600|
142|142||3-5-0-0-1-1||283360|
143|143||3-5-0-0-1-1||123600|
144|144||3-5-0-0-1-1||123200|
145|145||3-5-0-0-1-1||123200|
146|146||3-5-0-0-1-1||238600|
147|147||3-5-0-0-1-1||471660|
148|148||3-5-0-0-1-1||210500|
149|149||3-5-0-0-1-1||18212260|
150|150||3-5-0-0-1-1||78100|
151|151||3-5-0-0-1-1||203300|
152|152||3-5-0-0-1-1||470700|
153|153||3-5-0-0-1-1||3100|
154|154||3-5-0-0-1-1||119600|
155|155||3-5-0-0-1-1||12320|
156|156||3-5-0-0-1-1||420|
157|157||3-5-0-0-1-1||188720|
158|158||3-5-0-0-1-1||12320|
159|159||3-5-0-0-1-1||85200|
160|160||3-5-0-0-1-1||48920|
161|161||3-5-0-0-1-1||215420|
162|162||3-5-0-0-1-1||605400|
163|163||3-5-0-0-1-1||62260|
164|164||3-5-0-0-1-1||12320|
165|165||3-5-0-0-1-1||396000|
166|166||3-5-0-0-1-1||123500|
167|167||3-5-0-0-1-1||323500|
168|168||3-5-0-0-1-1||7201400|
169|169||3-5-0-0-1-1||36600|
170|170||3-5-0-0-1-1||49280|
171|171||3-5-0-0-1-1||198900|
172|172||3-5-0-0-1-1||24640|
173|173||3-5-0-0-1-1||254900|
174|174||3-5-0-0-1-1||12300|
175|175||3-5-0-0-1-1||254740|
176|176||3-5-0-0-1-1||162620|
177|177||3-5-0-0-1-1||160560|
178|178||3-5-0-0-1-1||65000|
179|179||3-5-0-0-1-1||12420|
180|180||3-5-0-0-1-1||53600|
181|181||3-5-0-0-1-1||30000|
182|182||3-5-0-0-1-1||24640|
183|183||3-5-0-0-1-1||24740|
184|184||3-5-0-0-1-1||184800|
185|185||3-5-0-0-1-1||184500|
186|186||3-5-0-0-1-1||12320|
187|187||3-5-0-0-1-1||12420|
188|188||3-5-0-0-1-1||400|
189|189||3-5-0-0-1-1||24600|
190|190||3-5-0-0-1-1||959900|
191|191||3-5-0-0-1-1||81800|
192|192||3-5-0-0-1-1||40140|
193|193||3-5-0-0-1-1||31500|
194|194||3-5-0-0-1-1||12320|
195|195||3-5-0-0-1-1||12320|
196|196||3-5-0-0-1-1||2580000|
197|197||3-5-0-0-1-1||12620|
198|198||3-5-0-0-1-1||111042|
199|199||3-5-0-0-1-1||36900|
200|200||3-5-0-0-1-1||834200|
