1|1||3-5-0-0-1-1||302000|
2|2||3-5-0-0-1-1||299100|
3|3||3-5-0-0-1-1||12300|
4|4||3-5-0-0-1-1||1418763|
5|5||3-5-0-0-1-1||10270|
6|6||3-5-0-0-1-1||12420|
7|7||3-5-0-0-1-1||151400|
8|8||3-5-0-0-1-1||9400|
9|9||3-5-0-0-1-1||29720860|
10|10||3-5-0-0-1-1||234310|
11|11||3-5-0-0-1-1||160160|
12|12||3-5-0-0-1-1||160160|
13|13||3-5-0-0-1-1||3021890|
14|14||3-5-0-0-1-1||403640|
15|15||3-5-0-0-1-1||114200|
16|16||3-5-0-0-1-1||39500|
17|17||3-5-0-0-1-1||216400|
18|18||3-5-0-0-1-1||24000|
19|19||3-5-0-0-1-1||2680|
20|20||3-5-0-0-1-1||938320|
21|21||3-5-0-0-1-1||2656960|
22|22||3-5-0-0-1-1||291100|
23|23||3-5-0-0-1-1||12320|
24|24||3-5-0-0-1-1||2594200|
25|25||3-5-0-0-1-1||20000|
26|26||3-5-0-0-1-1||679732|
27|27||3-5-0-0-1-1||333000|
28|28||3-5-0-0-1-1||2121858|
29|29||3-5-0-0-1-1||366686|
30|30||3-5-0-0-1-1||1130123|
31|31||3-5-0-0-1-1||136780|
32|32||3-5-0-0-1-1||56620|
33|33||3-5-0-0-1-1||197120|
34|34||3-5-0-0-1-1||37260|
35|35||3-5-0-0-1-1||12320|
36|36||3-5-0-0-1-1||120100|
37|37||3-5-0-0-1-1||61600|
38|38||3-5-0-0-1-1||450058|
39|39||3-5-0-0-1-1||41560|
40|40||3-5-0-0-1-1||389500|
41|41||3-5-0-0-1-1||47340|
42|42||3-5-0-0-1-1||315180|
43|43||3-5-0-0-1-1||3959800|
44|44||3-5-0-0-1-1||222600|
45|45||3-5-0-0-1-1||943040|
46|46||3-5-0-0-1-1||313060|
47|47||3-5-0-0-1-1||25140|
48|48||3-5-0-0-1-1||37160|
49|49||3-5-0-0-1-1||38160|
50|50||3-5-0-0-1-1||729820|
51|51||3-5-0-0-1-1||364100|
52|52||3-5-0-0-1-1||15100|
53|53||3-5-0-0-1-1||2451500|
54|54||3-5-0-0-1-1||4623800|
55|55||3-5-0-0-1-1||200|
56|56||3-5-0-0-1-1||7737000|
57|57||3-5-0-0-1-1||682100|
58|58||3-5-0-0-1-1||14000|
59|59||3-5-0-0-1-1||12320|
60|60||3-5-0-0-1-1||273000|
61|61||3-5-0-0-1-1||851120|
62|62||3-5-0-0-1-1||149120|
63|63||3-5-0-0-1-1||12320|
64|64||3-5-0-0-1-1||424780|
65|65||3-5-0-0-1-1||36960|
66|66||3-5-0-0-1-1||1052837|
67|67||3-5-0-0-1-1||62900|
68|68||3-5-0-0-1-1||77540|
69|69||3-5-0-0-1-1||864524|
70|70||3-5-0-0-1-1||889100|
71|71||3-5-0-0-1-1||1423200|
72|72||3-5-0-0-1-1||12500|
73|73||3-5-0-0-1-1||9964320|
74|74||3-5-0-0-1-1||9577300|
75|75||3-5-0-0-1-1||3696920|
76|76||3-5-0-0-1-1||1183400|
77|77||3-5-0-0-1-1||2416100|
78|78||3-5-0-0-1-1||406700|
79|79||3-5-0-0-1-1||319700|
80|80||3-5-0-0-1-1||126000|
81|81||3-5-0-0-1-1||13277620|
82|82||3-5-0-0-1-1||290000|
83|83||3-5-0-0-1-1||389100|
84|84||3-5-0-0-1-1||623200|
85|85||3-5-0-0-1-1||282400|
86|86||3-5-0-0-1-1||362400|
87|87||3-5-0-0-1-1||375000|
88|88||3-5-0-0-1-1||368700|
89|89||3-5-0-0-1-1||46800|
90|90||3-5-0-0-1-1||72700|
91|91||3-5-0-0-1-1||16300|
92|92||3-5-0-0-1-1||1090660|
93|93||3-5-0-0-1-1||12420|
94|94||3-5-0-0-1-1||448400|
95|95||3-5-0-0-1-1||36960|
96|96||3-5-0-0-1-1||120000|
97|97||3-5-0-0-1-1||137900|
98|98||3-5-0-0-1-1||12320|
99|99||3-5-0-0-1-1||12320|
100|100||3-5-0-0-1-1||36960|
101|101||3-5-0-0-1-1||18520|
102|102||3-5-0-0-1-1||1163829|
103|103||3-5-0-0-1-1||24700|
104|104||3-5-0-0-1-1||12320|
105|105||3-5-0-0-1-1||12300|
106|106||3-5-0-0-1-1||50120|
107|107||3-5-0-0-1-1||1662|
108|108||3-5-0-0-1-1||12320|
109|109||3-5-0-0-1-1||142200|
110|110||3-5-0-0-1-1||17400|
111|111||3-5-0-0-1-1||234920|
112|112||3-5-0-0-1-1||821|
113|113||3-5-0-0-1-1||1494500|
114|114||3-5-0-0-1-1||9300|
115|115||3-5-0-0-1-1||24740|
116|116||3-5-0-0-1-1||12320|
117|117||3-5-0-0-1-1||12320|
118|118||3-5-0-0-1-1||12320|
119|119||3-5-0-0-1-1||12320|
120|120||3-5-0-0-1-1||12320|
121|121||3-5-0-0-1-1||12320|
122|122||3-5-0-0-1-1||299520|
123|123||3-5-0-0-1-1||24400|
124|124||3-5-0-0-1-1||225000|
125|125||3-5-0-0-1-1||12300|
126|126||3-5-0-0-1-1||1542360|
127|127||3-5-0-0-1-1||290640|
128|128||3-5-0-0-1-1||140644100|
129|129||3-5-0-0-1-1||53000|
130|130||3-5-0-0-1-1||1458800|
131|131||3-5-0-0-1-1||1197100|
132|132||3-5-0-0-1-1||52200|
133|133||3-5-0-0-1-1||453000|
134|134||3-5-0-0-1-1||190400|
135|135||3-5-0-0-1-1||462720|
136|136||3-5-0-0-1-1||45000|
137|137||3-5-0-0-1-1||49280|
138|138||3-5-0-0-1-1||2793900|
139|139||3-5-0-0-1-1||2966467|
140|140||3-5-0-0-1-1||86500|
141|141||3-5-0-0-1-1||40600|
142|142||3-5-0-0-1-1||228140|
143|143||3-5-0-0-1-1||33400|
144|144||3-5-0-0-1-1||61700|
145|145||3-5-0-0-1-1||800|
146|146||3-5-0-0-1-1||800|
147|147||3-5-0-0-1-1||40000|
148|148||3-5-0-0-1-1||13426000|
149|149||3-5-0-0-1-1||8276800|
150|150||3-5-0-0-1-1||6735500|
151|151||3-5-0-0-1-1||761800|
152|152||3-5-0-0-1-1||146900|
153|153||3-5-0-0-1-1||691520|
154|154||3-5-0-0-1-1||414220|
155|155||3-5-0-0-1-1||224000|
156|156||3-5-0-0-1-1||81400|
157|157||3-5-0-0-1-1||146340|
158|158||3-5-0-0-1-1||304307|
159|159||3-5-0-0-1-1||104900|
160|160||3-5-0-0-1-1||12300|
161|161||3-5-0-0-1-1||145420|
162|162||3-5-0-0-1-1||3143740|
163|163||3-5-0-0-1-1||74120|
164|164||3-5-0-0-1-1||106200|
165|165||3-5-0-0-1-1||5753800|
166|166||3-5-0-0-1-1||49280|
167|167||3-5-0-0-1-1||369000|
168|168||3-5-0-0-1-1||258800|
169|169||3-5-0-0-1-1||473200|
170|170||3-5-0-0-1-1||273000|
171|171||3-5-0-0-1-1||12909900|
172|172||3-5-0-0-1-1||2888500|
173|173||3-5-0-0-1-1||18300|
174|174||3-5-0-0-1-1||6006180|
175|175||3-5-0-0-1-1||12420|
176|176||3-5-0-0-1-1||7134200|
177|177||3-5-0-0-1-1||1363600|
178|178||3-5-0-0-1-1||4189900|
179|179||3-5-0-0-1-1||990200|
180|180||3-5-0-0-1-1||615300|
181|181||3-5-0-0-1-1||50202|
182|182||3-5-0-0-1-1||24740|
183|183||3-5-0-0-1-1||12720|
184|184||3-5-0-0-1-1||25440|
185|185||3-5-0-0-1-1||12320|
186|186||3-5-0-0-1-1||60|
187|187||3-5-0-0-1-1||14100|
188|188||3-5-0-0-1-1||128200|
189|189||3-5-0-0-1-1||171100|
190|190||3-5-0-0-1-1||12320|
191|191||3-5-0-0-1-1||12420|
192|192||3-5-0-0-1-1||12990|
193|193||3-5-0-0-1-1||187460|
194|194||3-5-0-0-1-1||299800|
195|195||3-5-0-0-1-1||1274900|
196|196||3-5-0-0-1-1||297300|
197|197||3-5-0-0-1-1||145600|
198|198||3-5-0-0-1-1||36960|
199|199||3-5-0-0-1-1||96320|
200|200||3-5-0-0-1-1||220100|
