1|1||3-5-0-0-1-1||20000|
2|2||3-5-0-0-1-1||28300|
3|3||3-5-0-0-1-1||29100|
4|4||3-5-0-0-1-1||309340|
5|5||3-5-0-0-1-1||1808520|
6|6||3-5-0-0-1-1||61600|
7|7||3-5-0-0-1-1||61600|
8|8||3-5-0-0-1-1||169400|
9|9||3-5-0-0-1-1||12320|
10|10||3-5-0-0-1-1||1511500|
11|11||3-5-0-0-1-1||280700|
12|12||3-5-0-0-1-1||508200|
13|13||3-5-0-0-1-1||153600|
14|14||3-5-0-0-1-1||6200|
15|15||3-5-0-0-1-1||38480|
16|16||3-5-0-0-1-1||703800|
17|17||3-5-0-0-1-1||18700|
18|18||3-5-0-0-1-1||133300|
19|19||3-5-0-0-1-1||13993400|
20|20||3-5-0-0-1-1||419530|
21|21||3-5-0-0-1-1||500|
22|22||3-5-0-0-1-1||19000|
23|23||3-5-0-0-1-1||285000|
24|24||3-5-0-0-1-1||386200|
25|25||3-5-0-0-1-1||160000|
26|26||3-5-0-0-1-1||3200|
27|27||3-5-0-0-1-1||71403000|
28|28||3-5-0-0-1-1||556400|
29|29||3-5-0-0-1-1||357200|
30|30||3-5-0-0-1-1||37400|
31|31||3-5-0-0-1-1||120500|
32|32||3-5-0-0-1-1||139020|
33|33||3-5-0-0-1-1||78400|
34|34||3-5-0-0-1-1||135700|
35|35||3-5-0-0-1-1||32420|
36|36||3-5-0-0-1-1||107700|
37|37||3-5-0-0-1-1||150800|
38|38||3-5-0-0-1-1||137000|
39|39||3-5-0-0-1-1||12000|
40|40||3-5-0-0-1-1||12420|
41|41||3-5-0-0-1-1||15500|
42|42||3-5-0-0-1-1||150000|
43|43||3-5-0-0-1-1||440000|
44|44||3-5-0-0-1-1||12320|
45|45||3-5-0-0-1-1||12320|
46|46||3-5-0-0-1-1||12320|
47|47||3-5-0-0-1-1||12320|
48|48||3-5-0-0-1-1||61600|
49|49||3-5-0-0-1-1||1240|
50|50||3-5-0-0-1-1||12320|
51|51||3-5-0-0-1-1||270240|
52|52||3-5-0-0-1-1||12420|
53|53||3-5-0-0-1-1||9940|
54|54||3-5-0-0-1-1||6200|
55|55||3-5-0-0-1-1||197280|
56|56||3-5-0-0-1-1||14000|
57|57||3-5-0-0-1-1||12000|
58|58||3-5-0-0-1-1||3245|
59|59||3-5-0-0-1-1||12320|
60|60||3-5-0-0-1-1||5100|
61|61||3-5-0-0-1-1||12320|
62|62||3-5-0-0-1-1||12320|
63|63||3-5-0-0-1-1||86540|
64|64||3-5-0-0-1-1||186300|
65|65||3-5-0-0-1-1||12620|
66|66||3-5-0-0-1-1||12320|
67|67||3-5-0-0-1-1||23000|
68|68||3-5-0-0-1-1||12320|
69|69||3-5-0-0-1-1||12620|
70|70||3-5-0-0-1-1||60400|
71|71||3-5-0-0-1-1||12320|
72|72||3-5-0-0-1-1||12420|
73|73||3-5-0-0-1-1||37160|
74|74||3-5-0-0-1-1||14900|
75|75||3-5-0-0-1-1||12320|
76|76||3-5-0-0-1-1||5600|
77|77||3-5-0-0-1-1||49280|
78|78||3-5-0-0-1-1||12420|
79|79||3-5-0-0-1-1||16000|
80|80||3-5-0-0-1-1||12320|
81|81||3-5-0-0-1-1||3500|
82|82||3-5-0-0-1-1||29500|
83|83||3-5-0-0-1-1||3100|
84|84||3-5-0-0-1-1||9440|
85|85||3-5-0-0-1-1||24640|
86|86||3-5-0-0-1-1||12720|
87|87||3-5-0-0-1-1||6200|
88|88||3-5-0-0-1-1||73920|
89|89||3-5-0-0-1-1||12320|
90|90||3-5-0-0-1-1||12420|
91|91||3-5-0-0-1-1||24640|
92|92||3-5-0-0-1-1||92760|
93|93||3-5-0-0-1-1||94460|
94|94||3-5-0-0-1-1||84760|
95|95||3-5-0-0-1-1||75400|
96|96||3-5-0-0-1-1||95600|
97|97||3-5-0-0-1-1||76700|
98|98||3-5-0-0-1-1||82500|
99|99||3-5-0-0-1-1||63400|
100|100||3-5-0-0-1-1||88860|
101|101||3-5-0-0-1-1||81460|
102|102||3-5-0-0-1-1||96460|
103|103||3-5-0-0-1-1||136200|
104|104||3-5-0-0-1-1||3000|
105|105||3-5-0-0-1-1||159723|
106|106||3-5-0-0-1-1||1620|
107|107||3-5-0-0-1-1||160200|
108|108||3-5-0-0-1-1||35920|
109|109||3-5-0-0-1-1||12320|
110|110||3-5-0-0-1-1||12420|
111|111||3-5-0-0-1-1||12320|
112|112||3-5-0-0-1-1||14400|
113|113||3-5-0-0-1-1||23270|
114|114||3-5-0-0-1-1||24640|
115|115||3-5-0-0-1-1||42520|
116|116||3-5-0-0-1-1||107600|
117|117||3-5-0-0-1-1||12320|
118|118||3-5-0-0-1-1||86640|
119|119||3-5-0-0-1-1||10720|
120|120||3-5-0-0-1-1||12320|
121|121||3-5-0-0-1-1||12320|
122|122||3-5-0-0-1-1||12320|
123|123||3-5-0-0-1-1||12320|
124|124||3-5-0-0-1-1||24620|
125|125||3-5-0-0-1-1||49380|
126|126||3-5-0-0-1-1||9663000|
127|127||3-5-0-0-1-1||109400|
128|128||3-5-0-0-1-1||500|
129|129||3-5-0-0-1-1||13000|
130|130||3-5-0-0-1-1||24640|
131|131||3-5-0-0-1-1||12320|
132|132||3-5-0-0-1-1||6200|
133|133||3-5-0-0-1-1||5150|
134|134||3-5-0-0-1-1||285720|
135|135||3-5-0-0-1-1||12320|
136|136||3-5-0-0-1-1||12320|
137|137||3-5-0-0-1-1||12320|
138|138||3-5-0-0-1-1||12320|
139|139||3-5-0-0-1-1||12320|
140|140||3-5-0-0-1-1||12320|
141|141||3-5-0-0-1-1||2100|
142|142||3-5-0-0-1-1||12320|
143|143||3-5-0-0-1-1||12300|
144|144||3-5-0-0-1-1||12320|
145|145||3-5-0-0-1-1||157200|
146|146||3-5-0-0-1-1||22000|
147|147||3-5-0-0-1-1||3700|
148|148||3-5-0-0-1-1||4107|
149|149||3-5-0-0-1-1||33060|
150|150||3-5-0-0-1-1||24640|
151|151||3-5-0-0-1-1||113400|
152|152||3-5-0-0-1-1||36960|
153|153||3-5-0-0-1-1||61800|
154|154||3-5-0-0-1-1||74220|
155|155||3-5-0-0-1-1||12420|
156|156||3-5-0-0-1-1||12420|
157|157||3-5-0-0-1-1||12320|
158|158||3-5-0-0-1-1||12300|
159|159||3-5-0-0-1-1||12300|
160|160||3-5-0-0-1-1||73920|
161|161||3-5-0-0-1-1||12320|
162|162||3-5-0-0-1-1||49480|
163|163||3-5-0-0-1-1||15100|
164|164||3-5-0-0-1-1||12300|
165|165||3-5-0-0-1-1||12620|
166|166||3-5-0-0-1-1||12320|
167|167||3-5-0-0-1-1||36700|
168|168||3-5-0-0-1-1||36960|
169|169||3-5-0-0-1-1||31100|
170|170||3-5-0-0-1-1||24640|
171|171||3-5-0-0-1-1||12300|
172|172||3-5-0-0-1-1||49480|
173|173||3-5-0-0-1-1||24640|
174|174||3-5-0-0-1-1||10300|
175|175||3-5-0-0-1-1||123000|
176|176||3-5-0-0-1-1||36200|
177|177||3-5-0-0-1-1||172480|
178|178||3-5-0-0-1-1||164400|
179|179||3-5-0-0-1-1||5300|
180|180||3-5-0-0-1-1||24640|
181|181||3-5-0-0-1-1||12320|
182|182||3-5-0-0-1-1||1125920|
183|183||3-5-0-0-1-1||12300|
184|184||3-5-0-0-1-1||25300|
185|185||3-5-0-0-1-1||1528289|
186|186||3-5-0-0-1-1||7480|
187|187||3-5-0-0-1-1||7280|
188|188||3-5-0-0-1-1||225300|
189|189||3-5-0-0-1-1||123000|
190|190||3-5-0-0-1-1||12420|
191|191||3-5-0-0-1-1||210000|
192|192||3-5-0-0-1-1||12420|
193|193||3-5-0-0-1-1||160200|
194|194||3-5-0-0-1-1||24640|
195|195||3-5-0-0-1-1||10300|
196|196||3-5-0-0-1-1||12320|
197|197||3-5-0-0-1-1||17700|
198|198||3-5-0-0-1-1||24700|
199|199||3-5-0-0-1-1||105420|
200|200||3-5-0-0-1-1||584240|
