1|1||3-5-0-0-1-1||12320|
2|2||3-5-0-0-1-1||400|
3|3||3-5-0-0-1-1||12320|
4|4||3-5-0-0-1-1||12300|
5|5||3-5-0-0-1-1||66607|
6|6||3-5-0-0-1-1||81000|
7|7||3-5-0-0-1-1||173880|
8|8||3-5-0-0-1-1||15200|
9|9||3-5-0-0-1-1||12320|
10|10||3-5-0-0-1-1||24640|
11|11||3-5-0-0-1-1||515|
12|12||3-5-0-0-1-1||86100|
13|13||3-5-0-0-1-1||61800|
14|14||3-5-0-0-1-1||12320|
15|15||3-5-0-0-1-1||12320|
16|16||3-5-0-0-1-1||37000|
17|17||3-5-0-0-1-1||6200|
18|18||3-5-0-0-1-1||12420|
19|19||3-5-0-0-1-1||12320|
20|20||3-5-0-0-1-1||12320|
21|21||3-5-0-0-1-1||12620|
22|22||3-5-0-0-1-1||12320|
23|23||3-5-0-0-1-1||12320|
24|24||3-5-0-0-1-1||24740|
25|25||3-5-0-0-1-1||86440|
26|26||3-5-0-0-1-1||12320|
27|27||3-5-0-0-1-1||36960|
28|28||3-5-0-0-1-1||24640|
29|29||3-5-0-0-1-1||6262|
30|30||3-5-0-0-1-1||12320|
31|31||3-5-0-0-1-1||30100|
32|32||3-5-0-0-1-1||12320|
33|33||3-5-0-0-1-1||12320|
34|34||3-5-0-0-1-1||24000|
35|35||3-5-0-0-1-1||12320|
36|36||3-5-0-0-1-1||12420|
37|37||3-5-0-0-1-1||25320|
38|38||3-5-0-0-1-1||24720|
39|39||3-5-0-0-1-1||12420|
40|40||3-5-0-0-1-1||420|
41|41||3-5-0-0-1-1||12600|
42|42||3-5-0-0-1-1||24740|
43|43||3-5-0-0-1-1||33220|
44|44||3-5-0-0-1-1||12320|
45|45||3-5-0-0-1-1||3100|
46|46||3-5-0-0-1-1||16100|
47|47||3-5-0-0-1-1||25160|
48|48||3-5-0-0-1-1||12320|
49|49||3-5-0-0-1-1||630|
50|50||3-5-0-0-1-1||202284|
51|51||3-5-0-0-1-1||292260|
52|52||3-5-0-0-1-1||12320|
53|53||3-5-0-0-1-1||86540|
54|54||3-5-0-0-1-1||12320|
55|55||3-5-0-0-1-1||12420|
56|56||3-5-0-0-1-1||12320|
57|57||3-5-0-0-1-1||6200|
58|58||3-5-0-0-1-1||138100|
59|59||3-5-0-0-1-1||48500|
60|60||3-5-0-0-1-1||24740|
61|61||3-5-0-0-1-1||14300|
62|62||3-5-0-0-1-1||12400|
63|63||3-5-0-0-1-1||6600|
64|64||3-5-0-0-1-1||3500|
65|65||3-5-0-0-1-1||25580|
66|66||3-5-0-0-1-1||33100|
67|67||3-5-0-0-1-1||39000|
68|68||3-5-0-0-1-1||26100|
69|69||3-5-0-0-1-1||131100|
70|70||3-5-0-0-1-1||33100|
71|71||3-5-0-0-1-1||94200|
72|72||3-5-0-0-1-1||834660|
73|73||3-5-0-0-1-1||32320|
74|74||3-5-0-0-1-1||11400|
75|75||3-5-0-0-1-1||344800|
76|76||3-5-0-0-1-1||64320|
77|77||3-5-0-0-1-1||30420|
78|78||3-5-0-0-1-1||36960|
79|79||3-5-0-0-1-1||40000|
80|80||3-5-0-0-1-1||17000|
81|81||3-5-0-0-1-1||183600|
82|82||3-5-0-0-1-1||9514700|
83|83||3-5-0-0-1-1||982800|
84|84||3-5-0-0-1-1||532000|
85|85||3-5-0-0-1-1||648100|
86|86||3-5-0-0-1-1||19280|
87|87||3-5-0-0-1-1||140560|
88|88||3-5-0-0-1-1||137500|
89|89||3-5-0-0-1-1||589980|
90|90||3-5-0-0-1-1||33300|
91|91||3-5-0-0-1-1||169100|
92|92||3-5-0-0-1-1||178500|
93|93||3-5-0-0-1-1||224200|
94|94||3-5-0-0-1-1||262500|
95|95||3-5-0-0-1-1||4374100|
96|96||3-5-0-0-1-1||12320|
97|97||3-5-0-0-1-1||1435840|
98|98||3-5-0-0-1-1||657420|
99|99||3-5-0-0-1-1||33420|
100|100||3-5-0-0-1-1||24800|
101|101||3-5-0-0-1-1||12320|
102|102||3-5-0-0-1-1||11909|
103|103||3-5-0-0-1-1||12720|
104|104||3-5-0-0-1-1||12320|
105|105||3-5-0-0-1-1||12320|
106|106||3-5-0-0-1-1||12320|
107|107||3-5-0-0-1-1||12420|
108|108||3-5-0-0-1-1||12320|
109|109||3-5-0-0-1-1||12320|
110|110||3-5-0-0-1-1||12320|
111|111||3-5-0-0-1-1||54000|
112|112||3-5-0-0-1-1||36960|
113|113||3-5-0-0-1-1||420|
114|114||3-5-0-0-1-1||17300|
115|115||3-5-0-0-1-1||1240|
116|116||3-5-0-0-1-1||24740|
117|117||3-5-0-0-1-1||1200|
118|118||3-5-0-0-1-1||9100|
119|119||3-5-0-0-1-1||2400|
120|120||3-5-0-0-1-1||6000|
121|121||3-5-0-0-1-1||202220|
122|122||3-5-0-0-1-1||11400|
123|123||3-5-0-0-1-1||24640|
124|124||3-5-0-0-1-1||12320|
125|125||3-5-0-0-1-1||36960|
126|126||3-5-0-0-1-1||9240|
127|127||3-5-0-0-1-1||30000|
128|128||3-5-0-0-1-1||26282|
129|129||3-5-0-0-1-1||40500|
130|130||3-5-0-0-1-1||11500|
131|131||3-5-0-0-1-1||12420|
132|132||3-5-0-0-1-1||12320|
133|133||3-5-0-0-1-1||365640|
134|134||3-5-0-0-1-1||485100|
135|135||3-5-0-0-1-1||37000|
136|136||3-5-0-0-1-1||12620|
137|137||3-5-0-0-1-1||114560|
138|138||3-5-0-0-1-1||207120|
139|139||3-5-0-0-1-1||458640|
140|140||3-5-0-0-1-1||12320|
141|141||3-5-0-0-1-1||224200|
142|142||3-5-0-0-1-1||252120|
143|143||3-5-0-0-1-1||2405200|
144|144||3-5-0-0-1-1||1529800|
145|145||3-5-0-0-1-1||24640|
146|146||3-5-0-0-1-1||61600|
147|147||3-5-0-0-1-1||100300|
148|148||3-5-0-0-1-1||12320|
149|149||3-5-0-0-1-1||173600|
150|150||3-5-0-0-1-1||12320|
151|151||3-5-0-0-1-1||8800|
152|152||3-5-0-0-1-1||12320|
153|153||3-5-0-0-1-1||16400|
154|154||3-5-0-0-1-1||851700|
155|155||3-5-0-0-1-1||28100|
156|156||3-5-0-0-1-1||31000|
157|157||3-5-0-0-1-1||100900|
158|158||3-5-0-0-1-1||45200|
159|159||3-5-0-0-1-1||6107520|
160|160||3-5-0-0-1-1||232000|
161|161||3-5-0-0-1-1||65960|
162|162||3-5-0-0-1-1||6200|
163|163||3-5-0-0-1-1||215100|
164|164||3-5-0-0-1-1||3300|
165|165||3-5-0-0-1-1||147000|
166|166||3-5-0-0-1-1||50580|
167|167||3-5-0-0-1-1||49380|
168|168||3-5-0-0-1-1||14000|
169|169||3-5-0-0-1-1||12300|
170|170||3-5-0-0-1-1||75500|
171|171||3-5-0-0-1-1||160000|
172|172||3-5-0-0-1-1||12400|
173|173||3-5-0-0-1-1||172480|
174|174||3-5-0-0-1-1||11340|
175|175||3-5-0-0-1-1||12320|
176|176||3-5-0-0-1-1||49280|
177|177||3-5-0-0-1-1||368700|
178|178||3-5-0-0-1-1||13892200|
179|179||3-5-0-0-1-1||565300|
180|180||3-5-0-0-1-1||123300|
181|181||3-5-0-0-1-1||202900|
182|182||3-5-0-0-1-1||12720|
183|183||3-5-0-0-1-1||50940|
184|184||3-5-0-0-1-1||12320|
185|185||3-5-0-0-1-1||12520|
186|186||3-5-0-0-1-1||37960|
187|187||3-5-0-0-1-1||12620|
188|188||3-5-0-0-1-1||20600|
189|189||3-5-0-0-1-1||6160|
190|190||3-5-0-0-1-1||12420|
191|191||3-5-0-0-1-1||30320|
192|192||3-5-0-0-1-1||61600|
193|193||3-5-0-0-1-1||27300|
194|194||3-5-0-0-1-1||24740|
195|195||3-5-0-0-1-1||14100|
196|196||3-5-0-0-1-1||24600|
197|197||3-5-0-0-1-1||24230|
198|198||3-5-0-0-1-1||53900|
199|199||3-5-0-0-1-1||25060|
200|200||3-5-0-0-1-1||282900|
