1|1||3-5-0-0-1-1||18000|
2|2||3-5-0-0-1-1||6200|
3|3||3-5-0-0-1-1||84420|
4|4||3-5-0-0-1-1||1179220|
5|5||3-5-0-0-1-1||49500|
6|6||3-5-0-0-1-1||12400|
7|7||3-5-0-0-1-1||1095600|
8|8||3-5-0-0-1-1||51780|
9|9||3-5-0-0-1-1||3120|
10|10||3-5-0-0-1-1||12400|
11|11||3-5-0-0-1-1||13200|
12|12||3-5-0-0-1-1||202640|
13|13||3-5-0-0-1-1||125400|
14|14||3-5-0-0-1-1||272060|
15|15||3-5-0-0-1-1||400|
16|16||3-5-0-0-1-1||63680|
17|17||3-5-0-0-1-1||12300|
18|18||3-5-0-0-1-1||12320|
19|19||3-5-0-0-1-1||800|
20|20||3-5-0-0-1-1||1366500|
21|21||3-5-0-0-1-1||336|
22|22||3-5-0-0-1-1||1040800|
23|23||3-5-0-0-1-1||122940|
24|24||3-5-0-0-1-1||5076700|
25|25||3-5-0-0-1-1||24700|
26|26||3-5-0-0-1-1||52960|
27|27||3-5-0-0-1-1||200|
28|28||3-5-0-0-1-1||4542200|
29|29||3-5-0-0-1-1||720791|
30|30||3-5-0-0-1-1||3647080|
31|31||3-5-0-0-1-1||359200|
32|32||3-5-0-0-1-1||25060|
33|33||3-5-0-0-1-1||1766400|
34|34||3-5-0-0-1-1||241020|
35|35||3-5-0-0-1-1||13700|
36|36||3-5-0-0-1-1||24640|
37|37||3-5-0-0-1-1||307800|
38|38||3-5-0-0-1-1||16300|
39|39||3-5-0-0-1-1||61500|
40|40||3-5-0-0-1-1||12320|
41|41||3-5-0-0-1-1||6200|
42|42||3-5-0-0-1-1||26100|
43|43||3-5-0-0-1-1||263300|
44|44||3-5-0-0-1-1||25100|
45|45||3-5-0-0-1-1||37200|
46|46||3-5-0-0-1-1||1553900|
47|47||3-5-0-0-1-1||12300|
48|48||3-5-0-0-1-1||82800|
49|49||3-5-0-0-1-1||160000|
50|50||3-5-0-0-1-1||149700|
51|51||3-5-0-0-1-1||12000|
52|52||3-5-0-0-1-1||12420|
53|53||3-5-0-0-1-1||57020|
54|54||3-5-0-0-1-1||568320|
55|55||3-5-0-0-1-1||960000|
56|56||3-5-0-0-1-1||16600|
57|57||3-5-0-0-1-1||12600|
58|58||3-5-0-0-1-1||12300|
59|59||3-5-0-0-1-1||141400|
60|60||3-5-0-0-1-1||44200|
61|61||3-5-0-0-1-1||300|
62|62||3-5-0-0-1-1||300|
63|63||3-5-0-0-1-1||1027|
64|64||3-5-0-0-1-1||339720|
65|65||3-5-0-0-1-1||12320|
66|66||3-5-0-0-1-1||338600|
67|67||3-5-0-0-1-1||288400|
68|68||3-5-0-0-1-1||400|
69|69||3-5-0-0-1-1||52560|
70|70||3-5-0-0-1-1||950700|
71|71||3-5-0-0-1-1||102000|
72|72||3-5-0-0-1-1||2556500|
73|73||3-5-0-0-1-1||18300|
74|74||3-5-0-0-1-1||177460|
75|75||3-5-0-0-1-1||11799800|
76|76||3-5-0-0-1-1||46312|
77|77||3-5-0-0-1-1||386100|
78|78||3-5-0-0-1-1||150000|
79|79||3-5-0-0-1-1||40340|
80|80||3-5-0-0-1-1||241720|
81|81||3-5-0-0-1-1||31800|
82|82||3-5-0-0-1-1||226002|
83|83||3-5-0-0-1-1||251330|
84|84||3-5-0-0-1-1||21840|
85|85||3-5-0-0-1-1||126760|
86|86||3-5-0-0-1-1||220949700|
87|87||3-5-0-0-1-1||28000|
88|88||3-5-0-0-1-1||24800|
89|89||3-5-0-0-1-1||6200|
90|90||3-5-0-0-1-1||6400|
91|91||3-5-0-0-1-1||408800|
92|92||3-5-0-0-1-1||103100|
93|93||3-5-0-0-1-1||12600|
94|94||3-5-0-0-1-1||72300|
95|95||3-5-0-0-1-1||55000|
96|96||3-5-0-0-1-1||55800|
97|97||3-5-0-0-1-1||6200|
98|98||3-5-0-0-1-1||263400|
99|99||3-5-0-0-1-1||430100|
100|100||3-5-0-0-1-1||309400|
101|101||3-5-0-0-1-1||422400|
102|102||3-5-0-0-1-1||503900|
103|103||3-5-0-0-1-1||348400|
104|104||3-5-0-0-1-1||388400|
105|105||3-5-0-0-1-1||464600|
106|106||3-5-0-0-1-1||439600|
107|107||3-5-0-0-1-1||3900|
108|108||3-5-0-0-1-1||3900|
109|109||3-5-0-0-1-1||43700|
110|110||3-5-0-0-1-1||52800|
111|111||3-5-0-0-1-1||37500|
112|112||3-5-0-0-1-1||7800|
113|113||3-5-0-0-1-1||12320|
114|114||3-5-0-0-1-1||30840|
115|115||3-5-0-0-1-1||36120|
116|116||3-5-0-0-1-1||12320|
117|117||3-5-0-0-1-1||87600|
118|118||3-5-0-0-1-1||12320|
119|119||3-5-0-0-1-1||49100|
120|120||3-5-0-0-1-1||19600|
121|121||3-5-0-0-1-1||18600|
122|122||3-5-0-0-1-1||24640|
123|123||3-5-0-0-1-1||26000|
124|124||3-5-0-0-1-1||44240|
125|125||3-5-0-0-1-1||65700|
126|126||3-5-0-0-1-1||12300|
127|127||3-5-0-0-1-1||12320|
128|128||3-5-0-0-1-1||73800|
129|129||3-5-0-0-1-1||12620|
130|130||3-5-0-0-1-1||98940|
131|131||3-5-0-0-1-1||39440|
132|132||3-5-0-0-1-1||19400|
133|133||3-5-0-0-1-1||24740|
134|134||3-5-0-0-1-1||12320|
135|135||3-5-0-0-1-1||58400|
136|136||3-5-0-0-1-1||12520|
137|137||3-5-0-0-1-1||12320|
138|138||3-5-0-0-1-1||12320|
139|139||3-5-0-0-1-1||12320|
140|140||3-5-0-0-1-1||664400|
141|141||3-5-0-0-1-1||25300|
142|142||3-5-0-0-1-1||12420|
143|143||3-5-0-0-1-1||1620900|
144|144||3-5-0-0-1-1||11800|
145|145||3-5-0-0-1-1||12320|
146|146||3-5-0-0-1-1||278500|
147|147||3-5-0-0-1-1||51450|
148|148||3-5-0-0-1-1||154700|
149|149||3-5-0-0-1-1||530400|
150|150||3-5-0-0-1-1||86240|
151|151||3-5-0-0-1-1||112100|
152|152||3-5-0-0-1-1||188500|
153|153||3-5-0-0-1-1||2368900|
154|154||3-5-0-0-1-1||12320|
155|155||3-5-0-0-1-1||3606640|
156|156||3-5-0-0-1-1||24840|
157|157||3-5-0-0-1-1||24000|
158|158||3-5-0-0-1-1||13790|
159|159||3-5-0-0-1-1||65080|
160|160||3-5-0-0-1-1||24700|
161|161||3-5-0-0-1-1||315800|
162|162||3-5-0-0-1-1||12320|
163|163||3-5-0-0-1-1||61840|
164|164||3-5-0-0-1-1||36000|
165|165||3-5-0-0-1-1||127200|
166|166||3-5-0-0-1-1||222500|
167|167||3-5-0-0-1-1||24640|
168|168||3-5-0-0-1-1||849100|
169|169||3-5-0-0-1-1||12320|
170|170||3-5-0-0-1-1||27320|
171|171||3-5-0-0-1-1||11956425|
172|172||3-5-0-0-1-1||62809060|
173|173||3-5-0-0-1-1||140000|
174|174||3-5-0-0-1-1||24600|
175|175||3-5-0-0-1-1||14300|
176|176||3-5-0-0-1-1||24640|
177|177||3-5-0-0-1-1||24700|
178|178||3-5-0-0-1-1||40640|
179|179||3-5-0-0-1-1||36900|
180|180||3-5-0-0-1-1||412320|
181|181||3-5-0-0-1-1||1442600|
182|182||3-5-0-0-1-1||12420|
183|183||3-5-0-0-1-1||696500|
184|184||3-5-0-0-1-1||37200|
185|185||3-5-0-0-1-1||4107|
186|186||3-5-0-0-1-1||19300|
187|187||3-5-0-0-1-1||36900|
188|188||3-5-0-0-1-1||254700|
189|189||3-5-0-0-1-1||21600|
190|190||3-5-0-0-1-1||587800|
191|191||3-5-0-0-1-1||188100|
192|192||3-5-0-0-1-1||297000|
193|193||3-5-0-0-1-1||1330360|
194|194||3-5-0-0-1-1||1239520|
195|195||3-5-0-0-1-1||22100|
196|196||3-5-0-0-1-1||1107200|
197|197||3-5-0-0-1-1||251900|
198|198||3-5-0-0-1-1||380000|
199|199||3-5-0-0-1-1||14100|
200|200||3-5-0-0-1-1||81746|
