1|1||3-5-0-0-1-1||49280|
2|2||3-5-0-0-1-1||24640|
3|3||3-5-0-0-1-1||12320|
4|4||3-5-0-0-1-1||211120|
5|5||3-5-0-0-1-1||12320|
6|6||3-5-0-0-1-1||12300|
7|7||3-5-0-0-1-1||12740|
8|8||3-5-0-0-1-1||12320|
9|9||3-5-0-0-1-1||48460|
10|10||3-5-0-0-1-1||24640|
11|11||3-5-0-0-1-1||12320|
12|12||3-5-0-0-1-1||28640|
13|13||3-5-0-0-1-1||44600|
14|14||3-5-0-0-1-1||26520|
15|15||3-5-0-0-1-1||58820|
16|16||3-5-0-0-1-1||42320|
17|17||3-5-0-0-1-1||47580|
18|18||3-5-0-0-1-1||24640|
19|19||3-5-0-0-1-1||12100|
20|20||3-5-0-0-1-1||17700|
21|21||3-5-0-0-1-1||12320|
22|22||3-5-0-0-1-1||21970|
23|23||3-5-0-0-1-1||12420|
24|24||3-5-0-0-1-1||12720|
25|25||3-5-0-0-1-1||90000|
26|26||3-5-0-0-1-1||12320|
27|27||3-5-0-0-1-1||49280|
28|28||3-5-0-0-1-1||34500|
29|29||3-5-0-0-1-1||49580|
30|30||3-5-0-0-1-1||24600|
31|31||3-5-0-0-1-1||36960|
32|32||3-5-0-0-1-1||24640|
33|33||3-5-0-0-1-1||12420|
34|34||3-5-0-0-1-1||13200|
35|35||3-5-0-0-1-1||12420|
36|36||3-5-0-0-1-1||12300|
37|37||3-5-0-0-1-1||12320|
38|38||3-5-0-0-1-1||12320|
39|39||3-5-0-0-1-1||73920|
40|40||3-5-0-0-1-1||49280|
41|41||3-5-0-0-1-1||24640|
42|42||3-5-0-0-1-1||229300|
43|43||3-5-0-0-1-1||562100|
44|44||3-5-0-0-1-1||406147|
45|45||3-5-0-0-1-1||12320|
46|46||3-5-0-0-1-1||143000|
47|47||3-5-0-0-1-1||1810500|
48|48||3-5-0-0-1-1||201800|
49|49||3-5-0-0-1-1||139700|
50|50||3-5-0-0-1-1||182800|
51|51||3-5-0-0-1-1||6100|
52|52||3-5-0-0-1-1||1065240|
53|53||3-5-0-0-1-1||20700|
54|54||3-5-0-0-1-1||49280|
55|55||3-5-0-0-1-1||207100|
56|56||3-5-0-0-1-1||12320|
57|57||3-5-0-0-1-1||95920|
58|58||3-5-0-0-1-1||21800|
59|59||3-5-0-0-1-1||12320|
60|60||3-5-0-0-1-1||24740|
61|61||3-5-0-0-1-1||235200|
62|62||3-5-0-0-1-1||12321|
63|63||3-5-0-0-1-1||194620|
64|64||3-5-0-0-1-1||24640|
65|65||3-5-0-0-1-1||138900|
66|66||3-5-0-0-1-1||10400|
67|67||3-5-0-0-1-1||135520|
68|68||3-5-0-0-1-1||88020|
69|69||3-5-0-0-1-1||283900|
70|70||3-5-0-0-1-1||6400|
71|71||3-5-0-0-1-1||78900|
72|72||3-5-0-0-1-1||232140|
73|73||3-5-0-0-1-1||12320|
74|74||3-5-0-0-1-1||34186|
75|75||3-5-0-0-1-1||12320|
76|76||3-5-0-0-1-1||12420|
77|77||3-5-0-0-1-1||12320|
78|78||3-5-0-0-1-1||49480|
79|79||3-5-0-0-1-1||58200|
80|80||3-5-0-0-1-1||37060|
81|81||3-5-0-0-1-1||45700|
82|82||3-5-0-0-1-1||329126|
83|83||3-5-0-0-1-1||118911|
84|84||3-5-0-0-1-1||2500|
85|85||3-5-0-0-1-1||2520|
86|86||3-5-0-0-1-1||623100|
87|87||3-5-0-0-1-1||12420|
88|88||3-5-0-0-1-1||12620|
89|89||3-5-0-0-1-1||49480|
90|90||3-5-0-0-1-1||12320|
91|91||3-5-0-0-1-1||24100|
92|92||3-5-0-0-1-1||14420|
93|93||3-5-0-0-1-1||149800|
94|94||3-5-0-0-1-1||24640|
95|95||3-5-0-0-1-1||12320|
96|96||3-5-0-0-1-1||12320|
97|97||3-5-0-0-1-1||24640|
98|98||3-5-0-0-1-1||2484|
99|99||3-5-0-0-1-1||24640|
100|100||3-5-0-0-1-1||36960|
101|101||3-5-0-0-1-1||23800|
102|102||3-5-0-0-1-1||24740|
103|103||3-5-0-0-1-1||112735|
104|104||3-5-0-0-1-1||24640|
105|105||3-5-0-0-1-1||13600|
106|106||3-5-0-0-1-1||103280|
107|107||3-5-0-0-1-1||12320|
108|108||3-5-0-0-1-1||12800|
109|109||3-5-0-0-1-1||24600|
110|110||3-5-0-0-1-1||12800|
111|111||3-5-0-0-1-1||93140|
112|112||3-5-0-0-1-1||12320|
113|113||3-5-0-0-1-1||99360|
114|114||3-5-0-0-1-1||12320|
115|115||3-5-0-0-1-1||167300|
116|116||3-5-0-0-1-1||36960|
117|117||3-5-0-0-1-1||24640|
118|118||3-5-0-0-1-1||74120|
119|119||3-5-0-0-1-1||12320|
120|120||3-5-0-0-1-1||24740|
121|121||3-5-0-0-1-1||61600|
122|122||3-5-0-0-1-1||24600|
123|123||3-5-0-0-1-1||8624|
124|124||3-5-0-0-1-1||25010|
125|125||3-5-0-0-1-1||12420|
126|126||3-5-0-0-1-1||13100|
127|127||3-5-0-0-1-1||160000|
128|128||3-5-0-0-1-1||1000|
129|129||3-5-0-0-1-1||1000|
130|130||3-5-0-0-1-1||36000|
131|131||3-5-0-0-1-1||1100|
132|132||3-5-0-0-1-1||12320|
133|133||3-5-0-0-1-1||3100|
134|134||3-5-0-0-1-1||53420|
135|135||3-5-0-0-1-1||49280|
136|136||3-5-0-0-1-1||37580|
137|137||3-5-0-0-1-1||6280|
138|138||3-5-0-0-1-1||50880|
139|139||3-5-0-0-1-1||38160|
140|140||3-5-0-0-1-1||12420|
141|141||3-5-0-0-1-1||12320|
142|142||3-5-0-0-1-1||12320|
143|143||3-5-0-0-1-1||12320|
144|144||3-5-0-0-1-1||24640|
145|145||3-5-0-0-1-1||82820|
146|146||3-5-0-0-1-1||12320|
147|147||3-5-0-0-1-1||52500|
148|148||3-5-0-0-1-1||18580|
149|149||3-5-0-0-1-1||12320|
150|150||3-5-0-0-1-1||1240|
151|151||3-5-0-0-1-1||24740|
152|152||3-5-0-0-1-1||30160|
153|153||3-5-0-0-1-1||352125|
154|154||3-5-0-0-1-1||37160|
155|155||3-5-0-0-1-1||83746|
156|156||3-5-0-0-1-1||17748|
157|157||3-5-0-0-1-1||63260|
158|158||3-5-0-0-1-1||25040|
159|159||3-5-0-0-1-1||11701|
160|160||3-5-0-0-1-1||6160|
161|161||3-5-0-0-1-1||69160|
162|162||3-5-0-0-1-1||12320|
163|163||3-5-0-0-1-1||12320|
164|164||3-5-0-0-1-1||12320|
165|165||3-5-0-0-1-1||36960|
166|166||3-5-0-0-1-1||294200|
167|167||3-5-0-0-1-1||12320|
168|168||3-5-0-0-1-1||36960|
169|169||3-5-0-0-1-1||12320|
170|170||3-5-0-0-1-1||12400|
171|171||3-5-0-0-1-1||12320|
172|172||3-5-0-0-1-1||24640|
173|173||3-5-0-0-1-1||12320|
174|174||3-5-0-0-1-1||49480|
175|175||3-5-0-0-1-1||12320|
176|176||3-5-0-0-1-1||49580|
177|177||3-5-0-0-1-1||296740|
178|178||3-5-0-0-1-1||49480|
179|179||3-5-0-0-1-1||12700|
180|180||3-5-0-0-1-1||21500|
181|181||3-5-0-0-1-1||19900|
182|182||3-5-0-0-1-1||20000|
183|183||3-5-0-0-1-1||12320|
184|184||3-5-0-0-1-1||73920|
185|185||3-5-0-0-1-1||12320|
186|186||3-5-0-0-1-1||22000|
187|187||3-5-0-0-1-1||12320|
188|188||3-5-0-0-1-1||12320|
189|189||3-5-0-0-1-1||4600|
190|190||3-5-0-0-1-1||12320|
191|191||3-5-0-0-1-1||49360|
192|192||3-5-0-0-1-1||12620|
193|193||3-5-0-0-1-1||12320|
194|194||3-5-0-0-1-1||12320|
195|195||3-5-0-0-1-1||16500|
196|196||3-5-0-0-1-1||17400|
197|197||3-5-0-0-1-1||3600|
198|198||3-5-0-0-1-1||5300|
199|199||3-5-0-0-1-1||4600|
200|200||3-5-0-0-1-1||4800|
