1|1||3-5-0-0-1-1||36900|
2|2||3-5-0-0-1-1||12320|
3|3||3-5-0-0-1-1||113400|
4|4||3-5-0-0-1-1||12420|
5|5||3-5-0-0-1-1||564520|
6|6||3-5-0-0-1-1||306681|
7|7||3-5-0-0-1-1||24740|
8|8||3-5-0-0-1-1||27700|
9|9||3-5-0-0-1-1||69700|
10|10||3-5-0-0-1-1||12320|
11|11||3-5-0-0-1-1||1227500|
12|12||3-5-0-0-1-1||12320|
13|13||3-5-0-0-1-1||138200|
14|14||3-5-0-0-1-1||593800|
15|15||3-5-0-0-1-1||122600|
16|16||3-5-0-0-1-1||11100|
17|17||3-5-0-0-1-1||230800|
18|18||3-5-0-0-1-1||12320|
19|19||3-5-0-0-1-1||49280|
20|20||3-5-0-0-1-1||12320|
21|21||3-5-0-0-1-1||75100|
22|22||3-5-0-0-1-1||12320|
23|23||3-5-0-0-1-1||24800|
24|24||3-5-0-0-1-1||154000|
25|25||3-5-0-0-1-1||120000|
26|26||3-5-0-0-1-1||168000|
27|27||3-5-0-0-1-1||420|
28|28||3-5-0-0-1-1||12620|
29|29||3-5-0-0-1-1||12320|
30|30||3-5-0-0-1-1||12320|
31|31||3-5-0-0-1-1||297900|
32|32||3-5-0-0-1-1||28562|
33|33||3-5-0-0-1-1||112620|
34|34||3-5-0-0-1-1||2984100|
35|35||3-5-0-0-1-1||1558100|
36|36||3-5-0-0-1-1||14100|
37|37||3-5-0-0-1-1||12320|
38|38||3-5-0-0-1-1||12320|
39|39||3-5-0-0-1-1||62100|
40|40||3-5-0-0-1-1||24640|
41|41||3-5-0-0-1-1||46320|
42|42||3-5-0-0-1-1||12620|
43|43||3-5-0-0-1-1||24640|
44|44||3-5-0-0-1-1||73800|
45|45||3-5-0-0-1-1||24640|
46|46||3-5-0-0-1-1||24640|
47|47||3-5-0-0-1-1||12320|
48|48||3-5-0-0-1-1||13800|
49|49||3-5-0-0-1-1||63720|
50|50||3-5-0-0-1-1||254100|
51|51||3-5-0-0-1-1||12320|
52|52||3-5-0-0-1-1||115800|
53|53||3-5-0-0-1-1||12320|
54|54||3-5-0-0-1-1||26400|
55|55||3-5-0-0-1-1||24640|
56|56||3-5-0-0-1-1||173700|
57|57||3-5-0-0-1-1||24640|
58|58||3-5-0-0-1-1||12420|
59|59||3-5-0-0-1-1||12320|
60|60||3-5-0-0-1-1||25240|
61|61||3-5-0-0-1-1||12320|
62|62||3-5-0-0-1-1||26400|
63|63||3-5-0-0-1-1||37060|
64|64||3-5-0-0-1-1||12320|
65|65||3-5-0-0-1-1||19700|
66|66||3-5-0-0-1-1||98560|
67|67||3-5-0-0-1-1||12320|
68|68||3-5-0-0-1-1||12420|
69|69||3-5-0-0-1-1||14420|
70|70||3-5-0-0-1-1||400|
71|71||3-5-0-0-1-1||12320|
72|72||3-5-0-0-1-1||1439700|
73|73||3-5-0-0-1-1||24640|
74|74||3-5-0-0-1-1||70632|
75|75||3-5-0-0-1-1||24640|
76|76||3-5-0-0-1-1||36960|
77|77||3-5-0-0-1-1||35220|
78|78||3-5-0-0-1-1||49380|
79|79||3-5-0-0-1-1||12320|
80|80||3-5-0-0-1-1||86240|
81|81||3-5-0-0-1-1||265340|
82|82||3-5-0-0-1-1||21008|
83|83||3-5-0-0-1-1||24740|
84|84||3-5-0-0-1-1||12320|
85|85||3-5-0-0-1-1||702000|
86|86||3-5-0-0-1-1||18600|
87|87||3-5-0-0-1-1||12320|
88|88||3-5-0-0-1-1||900|
89|89||3-5-0-0-1-1||13160|
90|90||3-5-0-0-1-1||3100|
91|91||3-5-0-0-1-1||12320|
92|92||3-5-0-0-1-1||86440|
93|93||3-5-0-0-1-1||231100|
94|94||3-5-0-0-1-1||12420|
95|95||3-5-0-0-1-1||12320|
96|96||3-5-0-0-1-1||12620|
97|97||3-5-0-0-1-1||13400|
98|98||3-5-0-0-1-1||12320|
99|99||3-5-0-0-1-1||14000|
100|100||3-5-0-0-1-1||12820|
101|101||3-5-0-0-1-1||13120|
102|102||3-5-0-0-1-1||13700|
103|103||3-5-0-0-1-1||12320|
104|104||3-5-0-0-1-1||36960|
105|105||3-5-0-0-1-1||61700|
106|106||3-5-0-0-1-1||12320|
107|107||3-5-0-0-1-1||36960|
108|108||3-5-0-0-1-1||12320|
109|109||3-5-0-0-1-1||24640|
110|110||3-5-0-0-1-1||12320|
111|111||3-5-0-0-1-1||12420|
112|112||3-5-0-0-1-1||12320|
113|113||3-5-0-0-1-1||43700|
114|114||3-5-0-0-1-1||99060|
115|115||3-5-0-0-1-1||12620|
116|116||3-5-0-0-1-1||24640|
117|117||3-5-0-0-1-1||12320|
118|118||3-5-0-0-1-1||12320|
119|119||3-5-0-0-1-1||16800|
120|120||3-5-0-0-1-1||16000|
121|121||3-5-0-0-1-1||8261620|
122|122||3-5-0-0-1-1||946500|
123|123||3-5-0-0-1-1||39140|
124|124||3-5-0-0-1-1||518620|
125|125||3-5-0-0-1-1||12320|
126|126||3-5-0-0-1-1||229580|
127|127||3-5-0-0-1-1||3625400|
128|128||3-5-0-0-1-1||16240|
129|129||3-5-0-0-1-1||12320|
130|130||3-5-0-0-1-1||12320|
131|131||3-5-0-0-1-1||360000|
132|132||3-5-0-0-1-1||375200|
133|133||3-5-0-0-1-1||262000|
134|134||3-5-0-0-1-1||124680|
135|135||3-5-0-0-1-1||268900|
136|136||3-5-0-0-1-1||140000|
137|137||3-5-0-0-1-1||95720|
138|138||3-5-0-0-1-1||112100|
139|139||3-5-0-0-1-1||16000|
140|140||3-5-0-0-1-1||61700|
141|141||3-5-0-0-1-1||1726900|
142|142||3-5-0-0-1-1||661500|
143|143||3-5-0-0-1-1||16100|
144|144||3-5-0-0-1-1||348780|
145|145||3-5-0-0-1-1||24640|
146|146||3-5-0-0-1-1||513500|
147|147||3-5-0-0-1-1||60000|
148|148||3-5-0-0-1-1||36300|
149|149||3-5-0-0-1-1||44000|
150|150||3-5-0-0-1-1||104400|
151|151||3-5-0-0-1-1||17760|
152|152||3-5-0-0-1-1||160000|
153|153||3-5-0-0-1-1||6160|
154|154||3-5-0-0-1-1||40|
155|155||3-5-0-0-1-1||80340|
156|156||3-5-0-0-1-1||109400|
157|157||3-5-0-0-1-1||112120|
158|158||3-5-0-0-1-1||505200|
159|159||3-5-0-0-1-1||91000|
160|160||3-5-0-0-1-1||147100|
161|161||3-5-0-0-1-1||32949|
162|162||3-5-0-0-1-1||248400|
163|163||3-5-0-0-1-1||3268200|
164|164||3-5-0-0-1-1||5811900|
165|165||3-5-0-0-1-1||131300|
166|166||3-5-0-0-1-1||126000|
167|167||3-5-0-0-1-1||500|
168|168||3-5-0-0-1-1||500|
169|169||3-5-0-0-1-1||12320|
170|170||3-5-0-0-1-1||12320|
171|171||3-5-0-0-1-1||2095100|
172|172||3-5-0-0-1-1||37860|
173|173||3-5-0-0-1-1||308000|
174|174||3-5-0-0-1-1||28440|
175|175||3-5-0-0-1-1||12320|
176|176||3-5-0-0-1-1||112400|
177|177||3-5-0-0-1-1||157700|
178|178||3-5-0-0-1-1||130300|
179|179||3-5-0-0-1-1||151340|
180|180||3-5-0-0-1-1||12320|
181|181||3-5-0-0-1-1||38600|
182|182||3-5-0-0-1-1||19900|
183|183||3-5-0-0-1-1||82800|
184|184||3-5-0-0-1-1||283500|
185|185||3-5-0-0-1-1||24740|
186|186||3-5-0-0-1-1||199000|
187|187||3-5-0-0-1-1||12320|
188|188||3-5-0-0-1-1||887960|
189|189||3-5-0-0-1-1||379700|
190|190||3-5-0-0-1-1||2043800|
191|191||3-5-0-0-1-1||1250400|
192|192||3-5-0-0-1-1||42230|
193|193||3-5-0-0-1-1||12420|
194|194||3-5-0-0-1-1||32520|
195|195||3-5-0-0-1-1||12620|
196|196||3-5-0-0-1-1||27120|
197|197||3-5-0-0-1-1||31363800|
198|198||3-5-0-0-1-1||36900|
199|199||3-5-0-0-1-1||12320|
200|200||3-5-0-0-1-1||20202|
