1|1||3-5-0-0-1-1||75500|
2|2||3-5-0-0-1-1||368700|
3|3||3-5-0-0-1-1||13892200|
4|4||3-5-0-0-1-1||565300|
5|5||3-5-0-0-1-1||123300|
6|6||3-5-0-0-1-1||202900|
7|7||3-5-0-0-1-1||12720|
8|8||3-5-0-0-1-1||5157900|
9|9||3-5-0-0-1-1||226420|
10|10||3-5-0-0-1-1||80100|
11|11||3-5-0-0-1-1||31849040|
12|12||3-5-0-0-1-1||281220|
13|13||3-5-0-0-1-1||175640|
14|14||3-5-0-0-1-1||4341400|
15|15||3-5-0-0-1-1||4895772|
16|16||3-5-0-0-1-1||84200|
17|17||3-5-0-0-1-1||777800|
18|18||3-5-0-0-1-1||398300|
19|19||3-5-0-0-1-1||172200|
20|20||3-5-0-0-1-1||167900|
21|21||3-5-0-0-1-1||117100|
22|22||3-5-0-0-1-1||761000|
23|23||3-5-0-0-1-1||5800|
24|24||3-5-0-0-1-1||5800|
25|25||3-5-0-0-1-1||18300|
26|26||3-5-0-0-1-1||5800|
27|27||3-5-0-0-1-1||5700|
28|28||3-5-0-0-1-1||5800|
29|29||3-5-0-0-1-1||593800|
30|30||3-5-0-0-1-1||2984100|
31|31||3-5-0-0-1-1||1558100|
32|32||3-5-0-0-1-1||19700|
33|33||3-5-0-0-1-1||1439700|
34|34||3-5-0-0-1-1||3268200|
35|35||3-5-0-0-1-1||82800|
36|36||3-5-0-0-1-1||283500|
37|37||3-5-0-0-1-1||887960|
38|38||3-5-0-0-1-1||379700|
39|39||3-5-0-0-1-1||2043800|
40|40||3-5-0-0-1-1||1250400|
41|41||3-5-0-0-1-1||402000|
42|42||3-5-0-0-1-1||51200|
43|43||3-5-0-0-1-1||6721100|
44|44||3-5-0-0-1-1||156200|
45|45||3-5-0-0-1-1||4315000|
46|46||3-5-0-0-1-1||229800|
47|47||3-5-0-0-1-1||789000|
48|48||3-5-0-0-1-1||1380300|
49|49||3-5-0-0-1-1||1648200|
50|50||3-5-0-0-1-1||194400|
51|51||3-5-0-0-1-1||94100|
52|52||3-5-0-0-1-1||1405800|
53|53||3-5-0-0-1-1||18800|
54|54||3-5-0-0-1-1||357200|
55|55||3-5-0-0-1-1||1347925|
56|56||3-5-0-0-1-1||2665100|
57|57||3-5-0-0-1-1||8661700|
58|58||3-5-0-0-1-1||1204600|
59|59||3-5-0-0-1-1||8587800|
60|60||3-5-0-0-1-1||4012920|
61|61||3-5-0-0-1-1||4544000|
62|62||3-5-0-0-1-1||2590200|
63|63||3-5-0-0-1-1||1293400|
64|64||3-5-0-0-1-1||597300|
65|65||3-5-0-0-1-1||1007500|
66|66||3-5-0-0-1-1||739800|
67|67||3-5-0-0-1-1||5066600|
68|68||3-5-0-0-1-1||7900|
69|69||3-5-0-0-1-1||14831800|
70|70||3-5-0-0-1-1||407800|
71|71||3-5-0-0-1-1||137600|
72|72||3-5-0-0-1-1||17023700|
73|73||3-5-0-0-1-1||216700|
74|74||3-5-0-0-1-1||16404060|
75|75||3-5-0-0-1-1||32400|
76|76||3-5-0-0-1-1||1399900|
77|77||3-5-0-0-1-1||3030400|
78|78||3-5-0-0-1-1||1448900|
79|79||3-5-0-0-1-1||31400|
80|80||3-5-0-0-1-1||340200|
81|81||3-5-0-0-1-1||213700|
82|82||3-5-0-0-1-1||4900|
83|83||3-5-0-0-1-1||183100|
84|84||3-5-0-0-1-1||132200|
85|85||3-5-0-0-1-1||794400|
86|86||3-5-0-0-1-1||5807100|
87|87||3-5-0-0-1-1||2067200|
88|88||3-5-0-0-1-1||916000|
89|89||3-5-0-0-1-1||274600|
90|90||3-5-0-0-1-1||292900|
91|91||3-5-0-0-1-1||1204900|
92|92||3-5-0-0-1-1||97800|
93|93||3-5-0-0-1-1||1366500|
94|94||3-5-0-0-1-1||11799800|
95|95||3-5-0-0-1-1||664400|
96|96||3-5-0-0-1-1||188500|
97|97||3-5-0-0-1-1||315800|
98|98||3-5-0-0-1-1||62809060|
99|99||3-5-0-0-1-1||407000|
100|100||3-5-0-0-1-1||1842800|
101|101||3-5-0-0-1-1||783000|
102|102||3-5-0-0-1-1||1936700|
103|103||3-5-0-0-1-1||152680|
104|104||3-5-0-0-1-1||355200|
105|105||3-5-0-0-1-1||9600800|
106|106||3-5-0-0-1-1||204900|
107|107||3-5-0-0-1-1||418900|
108|108||3-5-0-0-1-1||200420|
109|109||3-5-0-0-1-1||521800|
110|110||3-5-0-0-1-1||116700|
111|111||3-5-0-0-1-1||613900|
112|112||3-5-0-0-1-1||851900|
113|113||3-5-0-0-1-1||895600|
114|114||3-5-0-0-1-1||2027400|
115|115||3-5-0-0-1-1||1515400|
116|116||3-5-0-0-1-1||409500|
117|117||3-5-0-0-1-1||2151200|
118|118||3-5-0-0-1-1||382100|
119|119||3-5-0-0-1-1||372300|
120|120||3-5-0-0-1-1||9947000|
121|121||3-5-0-0-1-1||128113000|
122|122||3-5-0-0-1-1||3397620|
123|123||3-5-0-0-1-1||367520|
124|124||3-5-0-0-1-1||107800|
125|125||3-5-0-0-1-1||679100|
126|126||3-5-0-0-1-1||872900|
127|127||3-5-0-0-1-1||253700|
128|128||3-5-0-0-1-1||349300|
129|129||3-5-0-0-1-1||6345600|
130|130||3-5-0-0-1-1||243700|
131|131||3-5-0-0-1-1||230700|
132|132||3-5-0-0-1-1||71403000|
133|133||3-5-0-0-1-1||357200|
134|134||3-5-0-0-1-1||500|
135|135||3-5-0-0-1-1||128600|
136|136||3-5-0-0-1-1||123900|
137|137||3-5-0-0-1-1||556400|
138|138||3-5-0-0-1-1||441700|
139|139||3-5-0-0-1-1||564800|
140|140||3-5-0-0-1-1||3792700|
141|141||3-5-0-0-1-1||106000|
142|142||3-5-0-0-1-1||37200|
143|143||3-5-0-0-1-1||14900|
144|144||3-5-0-0-1-1||57500|
145|145||3-5-0-0-1-1||282800|
146|146||3-5-0-0-1-1||334900|
147|147||3-5-0-0-1-1||1936500|
148|148||3-5-0-0-1-1||48700|
149|149||3-5-0-0-1-1||30000|
150|150||3-5-0-0-1-1||386000|
151|151||3-5-0-0-1-1||86600|
152|152||3-5-0-0-1-1||47400|
153|153||3-5-0-0-1-1||1831200|
154|154||3-5-0-0-1-1||91280|
155|155||3-5-0-0-1-1||3700025|
156|156||3-5-0-0-1-1||5196700|
157|157||3-5-0-0-1-1||27900|
158|158||3-5-0-0-1-1||709880|
159|159||3-5-0-0-1-1||47606700|
160|160||3-5-0-0-1-1||11900|
161|161||3-5-0-0-1-1||5800|
162|162||3-5-0-0-1-1||351400|
163|163||3-5-0-0-1-1||154500|
164|164||3-5-0-0-1-1||202400|
165|165||3-5-0-0-1-1||297100|
166|166||3-5-0-0-1-1||131100|
167|167||3-5-0-0-1-1||188890|
168|168||3-5-0-0-1-1||234100|
169|169||3-5-0-0-1-1||161100|
170|170||3-5-0-0-1-1||824000|
171|171||3-5-0-0-1-1||3441400|
172|172||3-5-0-0-1-1||267200|
173|173||3-5-0-0-1-1||100147|
174|174||3-5-0-0-1-1||229300|
175|175||3-5-0-0-1-1||143000|
176|176||3-5-0-0-1-1||201800|
177|177||3-5-0-0-1-1||139700|
178|178||3-5-0-0-1-1||182800|
179|179||3-5-0-0-1-1||207100|
180|180||3-5-0-0-1-1||235200|
181|181||3-5-0-0-1-1||138900|
182|182||3-5-0-0-1-1||283900|
183|183||3-5-0-0-1-1||6400|
184|184||3-5-0-0-1-1||78900|
185|185||3-5-0-0-1-1||58200|
186|186||3-5-0-0-1-1||623100|
187|187||3-5-0-0-1-1||149800|
188|188||3-5-0-0-1-1||23800|
189|189||3-5-0-0-1-1||24740|
190|190||3-5-0-0-1-1||112735|
191|191||3-5-0-0-1-1||12620|
192|192||3-5-0-0-1-1||379800|
193|193||3-5-0-0-1-1||319000|
194|194||3-5-0-0-1-1||20675|
195|195||3-5-0-0-1-1||23520|
196|196||3-5-0-0-1-1||133290|
197|197||3-5-0-0-1-1||19495|
198|198||3-5-0-0-1-1||3955|
199|199||3-5-0-0-1-1||73000|
200|200||3-5-0-0-1-1||300500|
